,run1_pattern,run2_pattern,run3_pattern,run4_pattern,run5_pattern,run6_pattern,run1_dotColor,run2_dotColor,run3_dotColor,run4_dotColor,run5_dotColor,run6_dotColor
0,77,28,89,6,66,37,2,0,0,2,0,1
1,37,82,47,4,13,67,2,0,0,2,0,1
2,82,5,96,61,58,13,2,0,0,2,0,1
3,81,95,30,14,12,50,2,0,0,2,0,1
4,99,7,48,34,70,77,2,0,0,2,0,1
5,23,67,61,4,80,11,2,0,0,2,0,1
6,9,33,56,59,90,28,2,0,0,2,0,1
7,44,15,96,53,80,51,2,0,0,2,0,1
8,96,73,75,90,22,40,2,0,0,2,0,1
9,58,46,1,55,35,41,2,0,0,2,0,1
10,83,92,58,30,84,3,2,0,0,2,0,1
11,82,26,19,86,52,43,2,0,0,2,0,1
12,34,24,70,25,20,94,2,0,0,2,0,1
13,83,48,4,15,54,6,2,0,0,2,0,1
14,37,40,32,96,86,64,2,0,0,2,0,1
15,93,60,87,4,33,19,2,0,0,2,0,1
16,82,31,14,45,64,70,2,0,0,2,0,1
17,29,23,90,38,80,49,2,0,0,2,0,1
18,35,41,76,1,26,84,2,0,0,2,0,1
19,71,52,45,98,22,18,2,0,0,2,0,1
20,46,44,70,57,3,7,2,0,0,2,0,1
21,38,18,28,91,46,34,2,0,0,2,0,1
22,89,67,90,80,25,32,2,0,0,2,0,1
23,53,88,61,15,84,4,2,0,0,2,0,1
24,87,78,10,34,3,65,2,0,0,2,0,1
25,70,55,69,60,23,88,2,0,1,2,0,1
26,47,20,9,79,71,86,2,0,1,2,0,1
27,34,32,56,58,82,87,2,0,1,2,0,1
28,85,19,31,38,80,48,2,0,1,2,0,1
29,49,9,80,50,31,6,2,0,1,2,0,1
30,0,96,77,15,23,69,2,0,1,2,0,1
31,61,0,98,10,26,9,2,0,1,2,0,1
32,14,31,17,44,42,97,2,0,1,2,0,1
33,38,69,68,62,2,95,2,0,1,2,0,1
34,43,30,37,43,21,14,2,0,1,2,0,1
35,57,38,29,86,30,18,2,0,1,2,0,1
36,23,50,79,8,57,78,2,0,1,2,0,1
37,17,12,92,87,42,40,2,0,1,2,0,1
38,46,20,18,97,67,70,2,0,1,2,2,1
39,70,67,69,87,19,9,2,0,1,2,2,1
40,36,46,3,63,93,44,2,0,1,2,2,1
41,46,24,45,44,35,15,2,0,1,2,2,1
42,81,21,78,11,80,92,2,0,1,2,2,1
43,25,45,50,71,18,16,2,0,1,2,2,1
44,4,92,11,8,13,85,2,0,1,1,2,1
45,95,6,20,96,74,87,2,0,1,1,2,1
46,52,75,35,65,25,51,2,0,1,1,2,1
47,39,52,11,57,31,78,2,0,1,1,2,1
48,5,91,0,75,38,21,2,0,1,1,2,1
49,45,98,67,59,5,66,2,0,1,1,2,1
50,76,81,80,84,20,7,2,0,1,1,2,1
51,46,66,7,71,93,24,2,0,1,1,2,1
52,50,56,55,63,4,13,1,0,1,1,2,1
53,95,27,71,3,66,10,1,0,1,1,2,1
54,39,18,87,96,34,80,1,0,1,1,2,1
55,66,45,74,8,78,42,1,0,1,1,2,1
56,97,33,91,97,71,75,1,0,1,1,2,1
57,3,1,86,83,74,67,1,0,1,1,2,1
58,92,65,70,24,79,73,1,0,1,1,2,1
59,23,21,81,68,30,70,1,0,1,1,2,1
60,44,87,71,66,41,15,1,0,1,1,1,1
61,20,60,94,99,90,14,1,0,1,1,1,1
62,34,2,92,66,46,23,1,0,1,1,1,1
63,12,87,53,74,14,58,1,0,1,1,1,1
64,56,84,98,27,67,96,1,0,1,1,1,1
65,77,88,88,80,50,29,1,1,1,1,1,2
66,12,3,96,49,42,35,1,1,1,1,1,2
67,79,25,42,71,66,51,1,1,1,1,1,2
68,44,52,54,93,43,77,1,1,1,1,1,2
69,23,43,43,76,73,45,1,1,1,1,1,2
70,99,19,56,58,55,99,1,1,1,1,1,2
71,22,16,72,98,61,97,1,1,1,1,1,2
72,80,85,49,26,47,55,1,1,1,1,1,2
73,23,68,55,71,77,13,1,1,1,2,1,2
74,80,8,91,96,97,60,1,1,1,2,1,2
75,86,42,92,3,83,8,1,1,1,2,1,2
76,28,59,46,77,36,23,1,1,1,2,1,2
77,97,95,60,34,23,36,1,1,1,2,1,2
78,65,70,49,1,57,35,1,1,1,2,1,2
79,45,86,51,82,88,77,1,1,1,2,1,2
80,96,81,57,31,60,30,1,1,1,2,1,2
81,82,93,62,44,29,59,1,1,1,2,1,2
82,43,44,81,69,2,89,1,1,1,2,1,2
83,18,37,2,6,67,20,1,1,1,2,1,2
84,31,48,61,54,81,67,1,1,1,2,1,2
85,43,25,65,8,79,8,1,1,2,2,1,2
86,50,23,20,61,11,47,1,1,2,2,1,2
87,3,71,60,97,20,32,1,1,2,2,1,2
88,6,15,69,22,83,11,1,1,2,2,1,2
89,9,88,19,28,16,1,1,1,2,2,1,2
90,52,95,80,14,0,80,1,1,2,2,1,2
91,8,47,71,10,82,31,1,1,2,2,1,2
92,6,79,64,21,47,97,1,1,2,2,1,2
93,30,97,98,70,56,58,1,1,2,2,1,2
94,83,65,36,96,5,86,1,1,2,2,1,2
95,58,8,69,15,91,29,1,1,2,2,1,2
96,48,67,77,99,37,46,0,1,2,2,1,2
97,42,19,71,44,38,79,0,1,2,2,1,2
98,19,27,81,94,45,4,0,1,2,2,1,2
99,29,26,31,51,86,10,0,1,2,2,1,2
100,9,61,16,45,95,72,0,1,2,2,1,2
101,68,63,36,53,17,0,0,1,1,2,1,2
102,13,98,80,14,77,48,0,1,1,2,2,2
103,92,92,79,73,36,81,0,1,1,2,2,2
104,72,53,23,5,42,33,0,1,1,2,2,2
105,23,18,35,55,97,58,0,1,1,2,2,2
106,73,24,84,93,30,0,0,1,1,2,2,2
107,75,53,17,0,40,33,0,1,1,2,2,2
108,95,36,83,79,49,80,0,1,1,2,2,2
109,37,90,13,26,35,49,0,1,1,2,2,2
110,4,29,80,6,34,99,0,1,1,2,2,2
111,2,41,73,91,64,20,0,1,1,2,2,2
112,76,62,6,65,79,57,0,1,1,2,2,2
113,57,89,2,30,14,67,0,1,1,2,2,2
114,22,81,95,24,9,76,0,1,1,2,2,2
115,45,8,55,68,22,54,0,1,1,2,2,2
116,13,51,88,72,68,18,0,1,1,2,2,2
117,82,31,48,10,74,64,0,1,1,2,2,2
118,55,96,20,95,20,19,0,1,1,2,2,2
119,82,23,15,30,95,53,0,1,1,2,2,2
120,1,11,10,65,85,77,0,1,1,1,1,2
121,8,57,70,60,71,23,0,1,1,1,1,2
122,9,55,96,78,21,99,0,1,1,1,1,2
123,89,28,64,15,28,93,0,1,1,1,1,0
124,22,53,25,47,59,32,0,1,1,1,1,0
125,96,49,83,6,50,9,0,1,1,1,1,0
126,86,44,6,79,89,71,0,1,1,1,1,0
127,59,72,73,40,34,25,0,1,1,1,1,0
128,72,41,82,51,73,85,0,1,1,1,1,0
129,47,94,66,97,69,8,0,1,1,1,1,0
130,55,16,49,68,25,89,0,1,1,1,1,0
131,27,96,89,38,48,57,0,1,1,1,1,0
132,41,68,15,46,18,64,0,1,1,1,1,0
133,71,42,84,3,69,1,0,1,1,1,1,0
134,5,75,14,5,6,49,0,1,1,1,1,0
135,84,83,34,95,21,30,0,1,1,1,1,0
136,45,12,55,89,95,2,0,1,1,1,1,0
137,36,97,73,82,94,9,0,2,1,1,1,0
138,61,73,34,75,55,91,0,2,1,1,1,0
139,71,90,66,10,42,45,0,2,1,1,1,0
140,13,81,89,55,91,80,0,2,2,1,1,0
141,55,71,14,31,59,42,0,2,2,1,1,0
142,57,77,44,27,65,54,0,2,2,1,1,0
143,20,24,94,8,92,99,0,2,2,1,1,0
144,2,9,33,75,27,39,0,2,2,1,1,0
145,32,22,96,81,96,31,0,2,2,1,1,0
146,37,47,46,92,88,67,0,2,2,1,1,0
147,63,69,29,18,99,35,0,2,2,1,1,0
148,65,96,84,44,80,94,0,2,2,1,1,0
149,25,65,16,66,60,19,0,2,2,1,1,0
150,12,56,54,82,22,8,0,2,2,1,1,0
151,62,35,47,5,46,68,0,2,2,1,1,0
152,12,6,76,54,17,79,0,2,2,1,1,0
153,36,79,1,82,90,28,0,2,2,1,0,0
154,84,6,41,8,37,57,0,2,2,1,0,0
155,28,83,61,23,87,90,0,2,2,1,0,0
156,63,8,90,37,99,55,0,2,2,1,0,0
157,99,88,60,55,0,2,0,2,2,2,0,0
158,8,17,31,7,41,11,0,2,2,2,0,0
159,13,43,44,58,27,36,0,2,2,2,0,0
160,21,81,55,16,76,5,0,2,2,2,0,0
161,65,87,3,55,50,71,0,2,2,2,0,0
162,18,38,68,48,1,49,0,2,2,2,0,0
163,6,87,83,5,42,39,0,2,1,2,0,0
164,63,39,42,90,82,21,0,2,1,2,0,0
165,77,27,94,81,92,1,0,2,1,2,0,0
166,34,47,4,97,66,93,0,2,1,2,0,0
167,89,55,76,17,63,5,0,2,1,2,0,0
168,85,59,95,25,95,87,0,2,1,2,0,0
169,34,4,82,85,36,26,2,2,1,2,0,0
170,94,38,9,83,85,3,2,2,1,2,0,0
171,63,57,1,30,74,94,2,2,1,2,0,0
172,12,65,46,20,40,10,2,2,1,2,0,0
173,97,45,93,23,76,45,2,2,1,2,0,0
174,19,2,62,98,82,46,2,2,1,2,0,0
175,84,85,66,93,64,26,2,2,1,2,0,0
176,41,18,80,11,72,20,2,2,1,0,2,0
177,83,50,38,17,96,55,2,2,1,0,2,0
178,88,11,68,96,81,12,2,2,1,0,2,0
179,64,20,93,52,82,84,2,2,1,0,2,0
180,62,35,11,53,75,57,2,2,1,0,2,0
181,21,26,71,82,56,8,2,2,1,0,2,0
182,43,76,88,24,13,78,2,2,1,0,2,0
183,26,36,38,2,64,41,2,2,1,0,2,0
184,85,70,52,13,58,49,2,2,1,0,2,0
185,97,50,83,65,68,29,2,2,1,0,2,0
186,47,85,33,98,21,48,2,2,1,0,2,0
187,38,71,27,51,44,75,2,2,1,0,2,0
188,89,47,37,20,7,48,2,2,1,0,2,0
189,30,62,38,49,85,2,2,2,1,0,2,0
190,46,59,58,16,80,1,2,2,1,0,2,0
191,15,39,92,7,78,96,2,2,1,0,2,0
192,70,6,22,10,48,3,2,2,1,0,2,0
193,73,58,69,44,58,90,2,2,1,0,2,0
194,82,40,86,67,28,49,2,2,1,0,2,0
195,7,27,61,95,8,37,2,2,1,0,2,0
196,69,80,29,88,75,85,2,2,1,0,2,0
197,48,99,88,44,71,96,2,2,1,0,2,1
198,66,38,27,12,12,62,2,2,1,0,2,1
199,8,93,71,93,56,77,2,2,1,0,2,1
200,99,15,75,76,14,67,2,2,1,0,2,1
201,95,43,24,44,62,0,2,1,1,0,2,1
202,43,21,36,93,1,9,2,1,1,0,2,1
203,14,54,88,64,48,2,2,1,1,0,2,1
204,3,89,62,68,64,42,2,1,1,0,2,1
205,56,84,38,9,61,77,2,1,1,0,2,1
206,3,60,65,32,24,71,2,1,1,0,2,1
207,86,52,67,21,57,29,2,1,1,1,2,1
208,94,39,18,60,6,94,2,1,1,1,2,1
209,73,38,84,95,16,28,2,1,1,1,2,1
210,13,66,10,75,97,40,2,1,1,1,2,1
211,58,25,28,16,11,61,2,1,1,1,2,1
212,93,22,75,64,77,99,1,1,1,1,2,1
213,66,58,31,21,55,81,1,1,1,1,2,1
214,81,37,45,32,29,56,1,1,1,1,2,1
215,12,10,22,94,38,40,1,1,1,1,2,1
216,45,48,83,76,30,61,1,1,1,1,2,1
217,65,13,25,83,48,11,1,1,1,1,2,1
218,14,75,82,14,34,91,1,1,1,1,2,1
219,3,1,65,15,18,94,1,1,1,1,2,1
220,44,70,96,34,14,80,1,1,1,1,2,1
221,0,26,94,45,28,22,1,1,1,1,2,1
222,76,14,96,38,36,21,1,1,1,1,2,1
223,15,8,39,30,42,0,1,1,0,1,2,1
224,54,46,73,79,34,55,1,1,0,1,2,1
225,70,36,1,84,77,77,1,1,0,1,2,1
226,80,30,19,6,26,70,1,1,0,1,2,1
227,4,84,74,82,52,60,1,1,0,1,2,1
228,62,29,38,65,38,52,1,1,0,1,2,1
229,35,4,83,30,50,85,1,1,0,1,2,1
230,91,7,89,12,31,45,1,1,0,1,2,1
231,62,92,37,8,61,52,1,1,0,1,2,1
232,48,5,26,22,72,4,1,1,0,1,2,1
233,61,43,6,18,47,60,1,1,0,1,2,1
234,37,15,12,49,40,12,1,1,0,1,2,1
235,66,47,95,2,6,2,1,1,0,1,2,1
236,13,43,45,70,79,35,1,1,0,1,2,1
237,57,93,25,96,18,66,1,1,0,1,2,1
238,73,26,45,10,79,93,1,1,0,1,2,1
239,72,25,87,29,73,44,1,1,0,1,1,1
240,11,90,20,48,89,66,1,1,0,1,1,1
241,40,70,98,37,15,90,1,1,0,1,1,1
242,29,35,27,21,8,18,1,1,0,1,1,1
243,23,74,79,69,57,84,1,1,0,1,1,1
244,69,19,82,35,95,40,1,1,0,1,1,1
245,56,17,80,60,21,26,1,1,0,1,1,1
246,6,67,42,91,1,70,1,1,0,1,1,1
247,39,60,58,78,12,35,1,1,0,1,1,1
248,26,41,68,41,53,76,0,1,0,1,1,1
249,28,18,79,3,12,82,0,1,0,1,1,1
250,62,70,41,8,47,69,0,1,0,1,1,1
251,42,9,67,87,12,2,0,1,2,1,1,1
252,21,17,45,6,53,96,0,1,2,1,1,1
253,49,0,30,13,68,84,0,1,2,1,1,1
254,83,28,93,70,2,76,0,1,2,1,1,1
255,49,77,43,95,83,71,0,1,2,1,1,1
256,29,30,9,4,85,36,0,1,2,1,1,1
257,52,46,60,97,14,32,0,1,2,1,1,1
258,80,90,69,10,8,93,0,1,2,1,1,1
259,50,18,9,81,77,37,0,1,2,1,1,1
260,31,75,61,24,38,1,0,1,2,1,1,1
261,94,40,59,78,69,58,0,1,2,1,1,1
262,41,16,32,65,22,32,0,1,2,1,1,1
263,4,92,31,45,98,58,0,0,2,1,1,1
264,9,91,69,77,96,65,0,0,2,1,1,1
265,75,72,46,16,47,16,0,0,2,1,1,1
266,37,35,62,74,43,98,0,0,2,1,1,0
267,42,26,43,36,93,93,0,0,2,1,1,0
268,55,6,49,34,83,98,0,0,2,1,1,0
269,30,82,74,57,54,35,0,0,2,1,1,0
270,2,84,84,58,76,50,0,0,2,1,1,0
271,13,45,40,10,15,92,0,0,2,1,1,0
272,63,77,30,66,9,25,0,0,2,1,0,0
273,53,80,65,31,57,30,0,0,2,1,0,0
274,31,86,87,89,31,11,0,0,2,1,0,0
275,50,22,7,60,83,95,0,0,2,0,0,0
276,16,57,1,53,91,15,0,0,2,0,0,0
277,56,87,30,56,22,49,0,0,2,0,0,0
278,91,5,22,24,93,54,0,0,2,0,0,0
279,16,47,4,77,82,42,0,0,2,0,0,0
280,11,64,73,53,83,85,0,0,2,0,0,0
281,7,78,49,45,26,6,0,0,2,0,0,0
282,88,46,33,15,77,62,0,0,2,0,0,0
283,74,58,86,5,36,55,0,0,2,0,0,0
284,56,55,16,4,43,15,0,0,2,0,0,0
285,82,19,57,11,44,97,1,0,2,0,0,0
286,97,60,36,17,76,23,1,0,2,0,0,0
287,65,64,47,41,25,61,1,0,2,0,0,0
288,75,96,6,2,16,18,1,0,2,0,0,0
289,34,54,26,34,34,59,1,0,2,0,0,0
290,10,33,92,12,5,47,1,0,2,0,0,0
291,13,82,76,64,80,32,1,0,2,0,0,0
292,92,17,44,18,36,54,1,0,2,0,0,0
293,39,78,77,67,12,12,1,0,2,0,0,0
294,69,0,86,28,28,17,1,0,2,0,0,0
295,99,46,85,36,64,45,1,0,2,0,0,0
296,90,99,87,81,67,56,1,0,2,0,0,0
297,61,30,9,58,17,75,1,0,2,0,0,0
298,86,76,87,40,89,67,1,0,2,0,0,0
299,42,60,17,77,32,62,1,0,2,0,0,0
300,77,66,35,94,17,57,1,0,2,0,0,0
301,74,21,75,90,38,1,1,0,2,0,0,0
302,55,6,23,21,46,18,1,0,2,0,0,0
303,33,83,88,53,22,2,1,0,2,0,0,0
304,1,9,62,56,81,73,1,0,2,0,0,0
305,51,63,28,3,67,91,1,0,2,0,0,0
306,17,16,63,82,18,47,1,0,2,0,0,0
307,68,12,89,48,66,36,1,0,2,0,0,0
308,31,19,73,59,71,78,1,0,2,0,0,0
309,14,56,83,76,60,98,1,0,2,0,0,0
310,49,85,33,11,68,64,1,0,2,0,0,0
311,38,33,43,37,1,81,1,0,2,0,0,0
312,23,77,25,17,71,34,1,0,2,0,1,0
313,87,36,48,2,74,16,1,0,2,0,1,0
314,55,34,71,65,39,79,1,0,2,0,1,0
315,73,19,77,41,35,74,1,0,2,0,1,0
316,68,59,4,60,40,36,1,0,2,0,1,0
317,65,55,54,76,32,88,1,0,2,0,1,0
318,94,18,31,22,97,80,1,0,2,0,1,0
319,66,80,27,30,13,6,1,0,2,0,1,0
320,52,0,6,99,84,82,1,0,0,0,1,0
321,9,36,44,59,88,40,1,0,0,0,1,0
322,91,41,71,14,48,36,1,0,0,0,1,0
323,41,27,3,2,98,29,1,0,0,0,1,0
324,85,43,62,91,74,8,1,0,0,0,1,0
325,61,80,53,60,33,40,1,0,0,0,1,0
326,43,26,10,54,46,95,1,0,0,0,1,0
327,45,71,95,6,98,42,1,1,0,2,1,0
328,13,25,87,35,54,71,1,1,0,2,1,0
329,90,84,73,25,1,69,1,1,0,2,1,0
330,34,61,7,26,58,87,1,1,0,2,1,2
331,44,51,3,34,30,23,1,1,0,2,1,2
332,46,29,98,18,31,68,1,1,0,2,1,2
333,80,64,42,23,81,55,1,1,0,2,1,2
334,27,50,89,37,83,7,1,1,0,2,1,2
335,56,78,21,27,7,99,1,1,0,2,1,2
336,64,55,51,40,65,74,1,1,0,2,1,2
337,36,38,61,86,22,56,1,1,0,2,1,2
338,88,56,5,62,23,37,1,1,0,2,1,2
339,44,89,17,0,69,1,1,1,0,2,1,2
340,7,60,8,3,76,44,1,1,0,2,1,2
341,8,58,40,49,26,45,1,1,0,2,1,2
342,33,57,24,38,51,57,1,1,0,2,1,2
343,88,68,25,6,28,45,1,1,0,2,1,2
344,4,41,87,43,0,15,1,1,0,2,1,2
345,18,99,27,93,4,83,1,1,0,2,1,2
346,57,8,91,17,23,99,1,1,0,2,1,2
347,89,44,84,6,21,26,0,1,0,2,1,2
348,14,41,40,44,11,5,0,1,0,2,1,2
349,44,92,68,57,20,92,0,1,0,2,1,2
350,14,73,50,96,43,29,0,1,0,2,1,2
351,69,56,44,34,95,98,0,1,0,2,2,2
352,81,49,51,98,64,97,0,1,0,2,2,2
353,68,9,58,96,61,32,0,1,0,2,2,2
354,54,36,7,53,13,91,0,1,0,2,2,2
355,83,26,59,55,22,70,0,1,0,2,2,2
356,27,51,84,67,53,24,0,1,0,2,2,2
357,17,28,4,33,18,22,0,2,0,2,2,2
358,22,68,52,87,27,93,0,2,0,2,2,1
359,12,23,92,66,6,13,0,2,0,2,2,1
360,58,84,86,23,91,93,0,2,0,2,2,1
361,69,5,73,94,68,66,0,2,0,2,2,1
362,42,69,55,42,60,47,0,2,0,2,2,1
363,46,10,41,74,42,48,0,2,0,2,2,1
364,11,98,67,4,37,23,0,2,0,2,2,1
365,36,51,76,27,22,49,0,2,0,2,2,1
366,7,60,64,61,94,27,0,2,0,2,2,1
367,33,95,35,17,13,50,0,2,0,2,2,1
368,6,31,79,85,95,89,0,2,0,2,2,1
369,4,88,93,50,14,71,0,2,0,2,2,1
370,53,5,60,22,19,10,0,2,0,2,2,1
371,38,15,1,24,46,6,0,2,0,2,2,1
372,83,71,34,51,70,53,0,2,0,2,2,1
373,25,73,27,8,74,40,0,2,0,2,2,1
374,66,79,5,64,24,69,0,2,0,2,2,1
375,79,24,53,1,68,92,0,2,0,2,2,1
376,42,2,86,53,84,30,0,2,0,2,2,1
377,23,77,50,88,55,80,0,2,0,2,2,1
378,67,51,98,93,11,54,0,2,0,2,2,1
379,21,0,54,63,3,62,0,2,0,2,2,1
380,20,33,32,27,75,14,0,2,0,2,2,1
381,45,16,35,6,31,62,0,2,0,2,2,1
382,25,58,62,13,58,28,0,2,0,2,2,1
383,40,70,55,72,4,95,0,2,0,2,1,1
384,46,0,71,67,47,70,0,2,0,2,1,1
385,40,8,60,56,54,41,0,2,0,2,1,1
386,25,28,73,65,82,53,0,2,0,2,1,1
387,69,48,81,70,92,30,0,2,0,2,1,1
388,3,72,99,89,33,4,0,0,0,2,1,1
389,84,53,48,68,51,30,0,0,0,2,1,1
390,6,71,97,90,32,1,0,0,0,2,1,1
391,99,45,96,35,69,78,2,0,0,2,1,1
392,82,30,19,99,21,40,2,0,0,0,1,1
393,37,53,47,71,32,77,2,0,2,0,1,1
394,27,57,57,50,66,9,2,0,2,0,1,1
395,71,31,71,44,55,70,2,0,2,0,1,1
396,70,80,86,19,15,41,2,0,2,0,1,1
397,28,17,63,7,70,44,2,0,2,0,1,1
398,57,44,76,26,24,1,2,0,2,0,1,1
399,28,6,91,64,31,34,2,0,2,0,1,1
400,6,36,26,52,12,38,2,0,2,0,1,1
401,23,11,91,31,27,23,2,0,2,0,1,1
402,55,78,6,19,12,9,2,0,2,0,1,1
403,42,53,9,95,47,89,2,0,2,0,1,1
404,1,35,80,38,21,33,2,0,2,0,1,1
405,46,36,45,92,42,28,2,0,2,0,1,1
406,26,49,96,16,67,73,0,0,2,0,1,1
407,53,34,86,61,20,5,0,0,2,0,1,1
408,48,75,59,9,31,70,0,0,2,0,1,1
409,16,67,77,64,27,25,0,0,2,0,1,1
410,6,2,54,78,82,59,0,0,2,0,1,1
411,39,45,96,72,65,57,0,0,2,0,1,1
412,56,4,11,60,50,86,0,0,2,0,1,1
413,26,0,93,94,11,42,0,0,2,0,1,1
414,9,74,80,76,19,93,0,0,2,0,1,1
415,6,40,22,21,30,81,0,0,2,0,1,1
416,86,27,83,41,95,27,0,0,2,0,1,1
417,99,41,64,73,0,28,0,0,2,0,1,1
418,8,61,0,33,56,96,0,0,2,0,1,1
419,20,78,40,74,77,60,0,1,2,0,1,1
420,7,18,35,43,83,61,0,1,2,0,1,1
421,12,52,52,7,14,32,0,1,2,0,1,1
422,84,6,2,46,12,16,0,1,2,0,1,1
423,14,99,13,11,21,59,0,1,2,0,1,1
424,18,65,73,26,3,32,0,1,2,0,1,1
425,61,26,65,70,49,17,0,1,2,0,1,1
426,76,92,21,56,51,67,0,1,2,0,1,1
427,41,64,56,25,46,58,1,1,2,0,1,1
428,89,1,3,80,49,20,1,1,2,0,1,1
429,98,62,37,50,6,84,1,1,2,0,1,1
430,48,36,55,84,3,17,1,1,2,0,1,0
431,4,25,25,98,15,63,1,1,2,0,1,0
432,22,23,29,35,29,19,1,1,2,0,1,0
433,74,74,56,79,36,22,1,1,2,0,1,0
434,13,47,51,29,67,1,1,1,2,0,1,0
435,21,67,68,90,24,69,1,1,2,0,1,0
436,54,90,20,20,41,90,1,1,2,0,1,0
437,6,10,34,17,1,13,1,1,2,0,1,0
438,51,50,89,55,45,38,1,1,2,0,1,0
439,61,67,98,71,60,61,1,1,2,0,1,0
440,1,61,36,45,69,88,1,1,2,0,1,0
441,22,73,43,26,9,53,1,1,2,0,0,0
442,36,38,68,25,20,52,1,1,2,0,0,0
443,23,78,83,17,65,13,1,1,2,0,0,0
444,4,1,68,5,15,91,1,1,2,0,0,0
445,79,70,44,95,22,62,1,1,2,0,0,0
446,5,73,16,61,78,3,1,1,2,0,0,0
447,89,41,47,29,95,84,1,1,2,0,0,0
448,62,74,60,17,54,2,1,1,2,0,0,0
449,95,39,86,90,66,18,1,2,2,1,0,0
450,34,57,64,50,97,96,1,2,2,1,0,0
451,12,60,66,77,14,95,1,2,2,1,0,0
452,94,48,93,92,23,7,1,2,2,1,0,0
453,58,26,50,21,87,14,1,2,2,1,0,1
454,37,23,77,16,71,29,1,2,2,1,0,1
455,17,98,3,48,7,19,1,2,2,1,0,1
456,79,94,94,46,31,42,1,2,2,1,0,1
457,4,84,76,66,93,14,1,2,2,1,0,1
458,13,76,91,96,23,51,1,2,2,1,0,1
459,93,58,73,50,89,15,1,2,2,1,0,1
460,99,96,26,27,37,98,1,2,2,1,0,1
461,91,10,40,96,6,53,1,2,2,1,0,1
462,17,68,15,46,83,18,1,2,2,1,0,1
463,52,54,59,61,38,34,1,2,2,1,1,1
464,59,20,37,94,48,31,1,2,2,1,1,1
465,8,89,77,68,84,99,1,2,2,1,1,1
466,37,63,8,82,20,36,1,2,2,1,1,1
467,87,35,96,21,34,17,1,2,0,1,1,1
468,54,53,10,52,0,13,1,2,0,1,1,1
469,6,25,57,45,32,44,1,2,0,1,1,1
470,47,59,41,29,71,18,1,2,0,1,1,1
471,19,22,0,71,53,87,1,2,0,2,1,1
472,82,34,36,79,9,2,1,2,0,2,1,1
473,1,80,78,41,63,28,1,2,0,2,1,1
474,73,56,43,73,85,46,1,2,0,2,1,1
475,3,73,22,85,74,74,1,0,0,2,1,1
476,62,13,20,17,13,53,1,0,0,2,1,1
477,68,82,8,25,68,86,1,0,0,2,1,1
478,47,84,38,72,32,67,1,0,0,2,1,1
479,60,74,88,52,43,25,1,0,0,2,1,1
480,98,86,60,99,95,30,1,0,0,2,1,1
481,74,47,46,66,49,52,1,0,0,2,1,1
482,8,3,48,36,15,37,1,0,0,2,1,1
483,76,34,31,43,26,99,1,0,0,2,1,1
484,43,15,49,31,65,12,1,0,0,2,1,1
485,77,54,86,68,28,17,1,0,0,2,1,1
486,20,66,18,31,84,75,1,0,0,2,1,1
487,56,44,11,59,11,73,1,0,0,2,1,1
488,81,8,74,72,83,56,1,0,0,2,1,1
489,46,7,40,75,72,51,1,0,0,2,1,1
490,0,54,39,40,7,8,1,0,0,2,1,1
491,58,23,85,22,54,97,2,0,0,2,1,1
492,56,27,3,78,2,30,2,0,0,2,1,1
493,51,93,32,0,72,94,2,0,0,2,1,1
494,26,33,81,88,19,82,2,0,0,2,1,1
495,98,15,58,39,61,16,2,0,0,2,1,1
496,59,21,52,17,85,89,2,0,0,2,1,1
497,33,81,11,3,71,9,2,0,0,2,1,1
498,60,53,82,73,95,5,2,0,0,2,1,1
499,93,18,70,61,91,51,2,0,0,2,1,1
500,59,90,54,52,79,63,2,0,0,2,1,1
501,89,93,77,89,3,30,2,0,0,2,1,1
502,82,20,97,77,94,0,2,0,0,2,1,1
503,97,45,38,84,28,42,2,0,0,2,1,1
504,54,7,63,12,19,68,2,0,0,2,1,1
505,14,98,72,21,6,22,2,0,0,2,1,1
506,24,55,9,55,61,17,2,0,0,2,1,1
507,38,15,5,89,3,69,2,0,0,2,1,1
508,66,72,28,52,65,28,2,0,0,2,1,1
509,6,32,50,28,57,25,2,0,0,2,1,1
510,40,47,32,68,18,51,2,0,0,2,1,1
511,68,46,84,76,90,1,2,0,0,2,1,1
512,88,73,16,55,5,76,2,0,0,2,1,1
513,42,62,64,38,64,36,2,0,0,2,1,1
514,66,99,48,82,71,72,2,0,0,2,1,1
515,46,82,66,73,0,29,2,0,0,2,1,1
516,33,61,38,30,4,13,2,0,0,2,1,1
517,97,22,28,13,85,63,2,0,0,2,1,1
518,21,92,56,45,62,94,2,0,0,2,1,1
519,26,51,53,97,66,56,2,0,0,2,1,1
520,15,55,55,31,39,29,2,0,1,2,1,1
521,26,53,14,0,74,25,2,0,1,2,1,1
522,31,71,40,23,52,99,2,0,1,2,1,1
523,95,99,68,51,5,37,2,0,1,2,1,0
524,40,53,75,29,21,56,2,0,1,2,1,0
525,47,42,30,12,34,5,2,0,1,2,1,0
526,39,10,28,61,22,26,2,0,1,2,1,0
527,38,19,60,69,32,74,2,0,1,2,1,0
528,20,90,72,1,90,29,2,0,1,2,1,0
529,76,8,86,63,29,56,2,0,1,2,1,0
530,63,35,99,54,25,4,2,0,1,2,1,0
531,71,33,10,17,4,44,2,0,1,2,1,0
532,3,79,33,16,1,26,2,0,1,2,1,0
533,65,54,49,40,32,85,2,0,1,1,1,0
534,72,12,71,79,45,84,2,0,1,1,1,0
535,52,50,9,95,10,56,2,0,1,1,1,0
536,76,7,32,7,91,20,1,0,1,1,1,0
537,7,56,1,69,67,6,1,0,1,1,2,0
538,19,34,93,80,41,19,1,0,1,1,2,0
539,99,87,42,8,86,98,1,1,1,1,2,0
540,94,96,66,27,36,68,1,1,1,1,2,0
541,65,38,60,59,37,0,1,1,1,1,2,0
542,34,69,25,8,65,30,1,1,1,1,2,0
543,2,60,0,19,28,91,1,1,1,1,2,0
544,19,40,53,76,42,3,1,1,1,1,2,0
545,41,13,33,78,75,7,1,1,1,1,2,0
546,71,38,98,42,56,52,1,1,1,1,2,0
547,83,99,48,76,75,93,1,1,1,1,2,0
548,51,98,54,82,72,13,1,1,1,1,2,0
549,46,4,73,45,39,95,1,1,1,1,2,0
550,76,74,93,50,27,98,1,1,1,1,2,0
551,29,56,11,94,88,0,1,1,1,1,2,0
552,27,51,6,20,57,32,1,1,1,1,2,0
553,65,75,96,38,96,29,1,1,1,1,2,0
554,61,53,47,36,70,47,1,1,1,1,2,0
555,98,48,64,26,28,51,1,1,1,1,2,0
556,12,60,16,52,71,50,1,1,1,1,2,0
557,71,61,90,72,47,9,1,1,1,1,2,0
558,24,5,9,41,21,44,1,0,1,1,2,0
559,14,49,6,93,89,69,1,0,1,1,2,0
560,52,74,40,54,82,9,1,0,1,1,2,0
561,38,97,36,55,44,32,1,0,1,1,2,0
562,91,78,88,97,23,70,1,0,1,1,2,0
563,20,81,20,6,4,41,1,0,1,1,2,0
564,98,72,94,65,71,46,1,0,1,1,2,0
565,53,80,47,87,77,39,1,0,1,1,2,0
566,40,57,50,34,7,81,1,0,1,1,2,0
567,39,50,19,53,99,42,1,0,1,1,2,0
568,71,28,10,63,50,19,1,0,1,1,2,0
569,12,91,9,62,92,32,1,0,1,1,2,0
570,23,23,16,26,10,52,1,0,1,1,2,0
571,55,2,24,81,62,70,1,0,1,1,2,0
572,79,10,76,63,74,40,1,0,1,1,2,0
573,6,66,37,65,56,79,1,1,1,1,2,0
574,51,63,78,12,49,63,1,1,1,1,2,0
575,75,55,97,55,40,35,1,1,1,1,2,0
576,14,34,23,37,9,23,1,1,1,1,2,0
577,13,42,60,92,75,88,1,1,1,1,2,0
578,33,65,69,89,90,22,1,1,1,1,2,1
579,30,34,23,47,6,64,1,1,1,1,2,1
580,35,18,2,32,41,39,1,1,1,1,2,1
581,72,47,62,31,11,11,1,1,1,1,2,1
582,13,33,38,8,57,87,1,1,1,1,2,1
583,7,38,79,3,53,26,1,1,1,1,2,1
584,85,17,35,23,77,2,1,1,1,1,2,1
585,73,31,23,41,85,79,1,1,1,1,2,1
586,55,50,30,47,43,81,1,1,1,1,0,1
587,99,96,78,50,27,38,1,1,1,1,0,1
588,73,89,57,54,94,40,1,1,1,1,0,1
589,29,82,16,4,74,50,1,1,1,1,0,1
590,16,32,51,18,95,89,1,1,1,1,0,1
591,46,8,69,47,3,19,1,1,1,1,0,1
592,17,89,3,12,49,81,1,1,1,1,0,1
593,46,10,20,61,14,20,1,1,1,1,0,1
594,83,19,71,90,47,78,1,1,2,1,0,1
595,92,72,33,37,84,58,1,1,2,2,0,1
596,99,95,3,40,69,48,1,1,2,2,0,1
597,91,69,94,98,22,87,1,1,2,2,0,1
598,30,78,44,48,14,54,1,1,2,2,0,1
599,79,48,48,99,65,47,1,1,2,2,0,1
600,50,27,9,10,54,89,1,1,2,2,0,1
601,85,82,25,8,68,10,1,1,2,2,0,1
602,1,10,23,37,87,96,1,1,2,2,0,1
603,48,93,21,92,6,42,2,1,2,2,0,1
604,94,90,70,82,33,45,2,1,2,2,0,1
605,55,83,71,38,98,30,2,1,2,2,0,1
606,53,61,47,5,5,54,2,1,2,2,0,1
607,52,53,7,49,32,86,2,1,2,2,0,1
608,74,63,81,79,40,92,2,1,2,2,0,1
609,27,65,51,53,59,3,2,1,2,2,0,1
610,69,82,92,85,80,15,2,1,2,2,0,1
611,30,40,85,98,83,4,2,1,2,2,0,1
612,47,58,69,57,8,31,2,1,2,2,0,1
613,59,67,87,94,95,55,2,2,2,2,0,1
614,36,82,28,63,28,54,2,2,2,2,0,1
615,66,80,6,94,12,53,2,2,2,2,0,1
616,20,43,62,63,29,59,2,2,2,2,0,1
617,52,95,54,19,67,15,2,2,2,2,0,1
618,58,48,28,13,31,90,2,2,2,2,0,1
619,16,23,9,24,86,0,2,2,2,2,2,1
620,89,7,29,10,76,25,2,2,2,2,2,1
621,39,70,18,84,82,31,2,2,2,2,2,1
622,69,22,32,23,39,40,2,2,2,2,2,1
623,6,9,52,81,26,67,2,2,2,2,2,1
624,43,74,88,78,85,52,2,2,2,2,2,1
625,95,44,61,58,7,29,2,2,2,2,2,1
626,92,73,34,50,33,89,2,2,2,2,2,1
627,96,45,56,17,68,46,2,2,2,2,2,1
628,9,20,44,72,67,27,2,2,2,2,2,1
629,14,51,97,27,94,9,2,2,2,2,2,1
630,89,14,73,53,50,24,2,2,2,2,2,1
631,46,87,84,74,29,97,2,2,2,2,2,1
632,61,21,65,30,27,85,2,2,2,2,2,1
633,79,5,92,18,20,32,2,2,2,2,2,1
634,98,13,21,11,55,48,2,2,2,2,2,1
635,15,52,57,41,70,0,0,2,2,2,2,1
636,96,61,66,54,32,37,0,2,0,2,2,1
637,23,15,58,62,9,44,0,2,0,2,2,1
638,65,35,36,56,66,39,0,2,0,2,2,1
639,25,36,66,84,75,47,0,2,0,2,2,1
640,83,61,14,51,2,95,0,2,0,2,2,1
641,18,53,38,86,79,93,0,2,0,2,2,1
642,22,19,77,43,38,33,0,2,0,2,2,1
643,82,86,75,96,14,86,0,2,0,2,2,1
644,72,83,42,46,18,83,0,2,0,2,2,1
645,78,10,62,76,13,52,0,2,0,2,2,1
646,53,62,6,6,63,65,0,2,0,2,2,1
647,41,83,34,67,23,24,0,2,0,2,2,1
648,18,48,2,78,12,67,0,2,0,2,2,1
649,50,18,75,50,5,68,0,2,0,2,2,1
650,27,65,65,81,21,79,0,2,0,2,2,1
651,78,38,6,22,14,76,0,2,0,2,2,2
652,80,99,18,34,17,85,0,2,0,0,2,2
653,32,35,75,54,53,24,0,2,0,0,2,2
654,31,10,2,45,71,82,0,2,0,0,2,2
655,79,70,81,21,89,29,0,2,0,0,2,2
656,77,55,20,27,99,61,0,1,0,0,2,2
657,5,6,11,73,96,95,0,1,0,0,2,2
658,90,81,29,81,8,85,0,1,0,0,2,2
659,67,9,18,84,23,41,0,1,0,0,2,2
660,2,60,30,82,18,56,0,1,0,0,2,2
661,59,52,37,68,55,19,0,1,1,0,2,2
662,35,16,59,85,73,96,0,1,1,0,2,2
663,51,35,31,91,61,79,0,1,1,0,0,2
664,84,64,30,80,11,63,0,1,1,0,0,2
665,33,41,17,19,31,56,0,1,1,0,0,2
666,9,19,41,55,28,77,0,1,1,0,0,2
667,41,50,4,64,58,86,0,1,1,0,0,2
668,68,54,44,10,86,49,0,1,1,0,0,2
669,17,82,84,2,14,26,0,1,1,0,0,2
670,86,71,74,93,37,88,0,1,1,0,0,2
671,24,61,86,67,59,54,0,1,1,0,0,2
672,57,95,69,70,20,2,0,1,1,0,0,2
673,21,60,45,27,29,42,0,1,1,0,0,2
674,85,27,80,0,53,57,0,1,1,0,0,2
675,5,25,87,92,18,11,0,1,1,0,0,2
676,33,55,63,30,73,60,0,1,1,0,0,2
677,78,74,98,45,28,63,0,1,1,0,0,2
678,55,87,45,59,27,50,0,1,1,0,0,2
679,20,76,30,98,62,12,1,1,1,0,0,2
680,79,41,85,31,20,55,1,1,1,1,2,2
681,26,39,89,94,36,93,1,1,1,1,2,2
682,96,16,28,91,87,6,1,1,1,1,2,2
683,5,76,61,76,80,3,1,1,1,1,2,2
684,27,14,32,32,9,95,1,1,1,1,2,2
685,13,72,10,36,83,81,1,1,1,1,2,2
686,66,57,71,4,35,91,1,1,1,1,2,2
687,62,28,41,3,86,66,1,1,1,1,2,2
688,89,57,47,74,17,3,1,1,1,1,2,2
689,29,22,31,36,30,16,1,1,1,1,2,2
690,47,15,73,16,71,99,1,1,1,1,2,2
691,84,2,97,73,94,81,1,1,1,1,2,2
692,76,8,87,95,86,78,1,1,1,1,2,2
693,77,1,93,38,27,34,1,1,1,1,2,2
694,2,68,78,69,32,92,1,1,1,1,2,2
695,40,16,70,40,33,33,1,2,1,1,2,2
696,45,58,6,41,71,97,1,2,1,1,2,2
697,62,88,98,98,19,63,1,2,1,1,2,2
698,68,81,42,10,63,7,1,2,1,1,2,2
699,32,10,67,93,56,67,1,2,1,1,2,2
700,39,5,72,77,47,58,1,2,1,1,2,2
701,41,58,60,27,98,16,1,2,1,1,2,2
702,46,79,45,20,68,28,1,2,1,1,2,2
703,79,83,44,73,19,20,1,2,1,1,2,2
704,49,10,22,25,72,5,1,2,1,1,2,0
705,81,76,87,60,95,53,1,2,1,1,2,0
706,5,97,60,19,51,99,1,2,1,1,2,0
707,98,87,74,57,55,80,1,2,1,1,2,0
708,99,54,88,45,67,75,1,2,1,1,2,0
709,96,49,70,41,29,46,1,2,1,1,2,0
710,83,8,17,95,93,74,1,2,1,1,2,0
711,3,23,55,94,77,97,1,2,1,1,2,0
712,96,2,34,1,7,21,1,2,1,1,2,0
713,5,17,24,89,35,11,2,2,1,1,2,0
714,3,15,51,56,47,99,2,2,1,1,2,0
715,5,60,10,25,27,50,2,2,1,1,2,0
716,65,4,60,73,2,58,2,2,1,1,2,0
717,38,14,55,46,78,90,2,2,1,1,2,0
718,99,46,2,32,9,48,2,2,1,1,2,0
719,20,44,94,38,67,97,2,2,1,1,2,0
720,44,98,9,6,88,86,2,2,1,1,2,0
721,88,38,71,69,82,78,2,2,1,1,2,0
722,62,34,46,50,42,5,2,2,1,1,2,0
723,21,62,5,12,20,74,2,2,1,2,2,0
724,2,88,19,24,3,53,2,2,1,2,2,0
725,67,43,68,22,37,83,2,2,1,2,2,0
726,90,45,74,89,29,61,2,2,1,2,2,0
727,83,12,81,51,8,84,2,2,1,2,2,0
728,19,53,52,41,45,99,2,2,1,2,0,0
729,60,82,43,39,12,30,2,2,2,2,0,0
730,73,23,38,31,16,11,2,2,2,2,0,0
731,52,36,26,58,54,45,2,2,2,2,0,0
732,64,19,89,5,99,56,2,2,2,2,0,0
733,35,77,4,16,33,52,1,2,2,2,0,0
734,96,75,67,78,72,44,1,2,2,2,0,0
735,44,86,41,82,37,30,1,2,2,2,0,0
736,70,98,35,81,4,18,1,2,2,2,0,0
737,74,90,8,0,53,6,1,2,2,2,0,0
738,38,35,39,85,58,24,1,2,2,2,0,0
739,41,58,0,50,23,80,1,2,2,1,0,0
740,10,13,53,86,62,10,1,0,2,1,0,0
741,88,54,20,0,13,24,1,0,2,1,0,0
742,13,63,80,40,86,27,1,0,2,1,0,0
743,47,80,82,99,91,55,1,0,2,1,0,0
744,30,67,37,77,39,85,1,0,2,1,0,0
745,38,8,46,34,59,48,1,0,2,1,0,0
746,72,47,55,92,16,55,1,0,2,1,0,0
747,82,40,31,48,17,0,1,0,2,1,0,0
748,14,99,24,33,42,27,1,0,2,1,0,0
749,22,80,42,68,31,30,1,0,2,1,0,0
750,61,68,86,29,48,43,1,0,2,1,0,0
751,57,91,80,66,35,13,1,0,2,1,0,0
752,6,81,85,85,92,65,1,0,2,1,0,1
753,87,12,5,60,20,15,1,0,2,1,0,1
754,15,43,75,1,47,22,1,0,2,1,0,1
755,12,75,91,47,86,45,1,0,2,1,0,1
756,69,80,9,23,52,72,1,0,2,1,0,1
757,63,86,89,26,53,91,1,0,2,1,0,1
758,39,60,32,5,78,67,1,0,0,1,0,1
759,21,62,85,33,57,91,1,0,0,1,0,1
760,71,64,9,16,58,63,1,0,0,1,0,1
761,94,6,26,6,79,94,1,0,0,1,0,1
762,1,76,67,79,4,61,1,0,0,0,0,1
763,13,85,96,23,96,86,1,0,0,0,0,1
764,34,24,11,96,35,16,1,0,0,0,0,1
765,51,64,89,17,46,77,1,0,0,0,0,1
766,80,23,76,99,76,63,1,0,0,0,0,1
767,35,85,25,80,87,25,1,0,0,0,0,1
768,93,18,73,95,88,29,1,0,0,0,0,1
769,86,48,52,62,24,56,1,0,0,0,0,1
770,98,19,98,92,9,7,1,0,0,0,0,1
771,70,81,69,80,48,50,1,0,0,0,0,1
772,62,42,99,90,65,60,1,0,0,0,0,1
773,50,32,3,61,24,97,1,0,0,0,0,1
774,78,74,98,62,16,32,1,0,0,0,0,1
775,17,13,7,87,98,79,1,0,0,0,0,1
776,47,9,90,75,45,87,1,0,0,0,0,1
777,82,13,61,35,13,9,1,0,0,0,0,1
778,80,59,55,61,30,41,1,0,0,0,0,1
779,37,5,70,30,70,92,1,0,0,0,0,1
780,76,54,9,8,2,89,1,0,0,0,0,1
781,24,52,8,88,75,12,1,0,0,0,1,1
782,88,26,84,2,65,20,0,0,0,0,1,1
783,28,96,52,24,7,4,0,0,0,0,1,1
784,95,90,5,12,36,11,0,0,0,0,1,1
785,38,43,17,54,85,16,0,0,0,0,1,1
786,58,11,67,79,30,74,0,0,0,0,1,1
787,11,47,79,0,65,78,0,0,0,0,1,1
788,26,78,29,59,84,97,0,0,0,1,1,1
789,19,73,7,96,92,8,0,0,0,1,1,1
790,94,75,55,66,18,97,0,0,0,1,1,1
791,2,62,38,30,78,6,0,0,0,1,1,1
792,36,34,62,68,62,12,0,0,0,1,1,1
793,22,39,41,5,12,28,0,0,0,1,1,2
794,85,11,98,0,9,20,0,0,0,1,1,2
795,28,79,94,39,70,12,0,0,0,1,1,2
796,66,3,66,88,77,84,0,0,0,1,1,2
797,44,95,83,61,35,13,0,0,0,1,1,2
798,39,66,42,78,18,36,0,0,2,1,1,2
799,34,5,79,1,3,42,0,0,2,1,1,2
800,10,16,89,87,90,78,0,0,2,1,1,2
801,32,75,18,22,2,81,0,1,2,1,1,2
802,65,27,8,14,61,43,0,1,2,1,1,2
803,47,77,85,6,54,82,0,1,2,1,1,2
804,34,63,9,67,77,47,0,1,2,1,1,2
805,13,49,77,28,12,23,0,1,2,1,1,2
806,44,61,94,70,42,57,0,1,2,1,1,2
807,79,32,33,33,70,12,0,1,2,1,1,2
808,30,29,44,74,15,37,0,1,2,1,1,2
809,35,31,86,50,39,16,0,1,2,1,1,2
810,34,35,72,8,96,20,0,1,2,1,1,2
811,28,74,99,9,29,0,0,1,2,1,1,2
812,58,82,72,89,11,50,0,1,2,1,1,2
813,69,61,57,20,0,52,0,1,2,1,1,2
814,74,80,16,2,96,13,0,1,2,1,1,2
815,34,0,93,10,97,31,0,1,2,1,1,2
816,60,45,9,72,31,17,0,1,2,1,2,2
817,13,72,33,44,83,44,0,1,2,1,2,2
818,10,18,99,52,93,80,1,1,2,1,2,2
819,0,47,66,91,85,59,1,1,2,1,2,2
820,51,16,67,68,72,30,1,1,2,1,2,2
821,35,26,38,5,21,3,1,1,2,1,2,2
822,69,91,20,56,98,15,1,1,2,1,2,2
823,57,50,87,63,58,81,1,1,2,1,2,2
824,60,13,47,66,50,67,1,1,2,1,2,2
825,39,10,32,27,11,15,1,1,2,1,2,2
826,54,63,41,26,3,92,1,1,2,1,2,2
827,81,62,99,14,71,16,1,1,2,1,2,2
828,87,26,3,86,62,48,1,1,2,1,2,2
829,72,91,96,94,86,49,1,1,2,1,2,2
830,41,49,99,23,54,61,1,1,2,1,2,2
831,89,33,70,28,25,81,1,1,2,1,2,2
832,43,84,49,22,45,29,1,1,2,1,2,2
833,47,38,5,30,82,64,1,1,2,1,2,2
834,11,46,45,53,57,55,1,1,2,1,2,2
835,62,90,35,51,66,97,1,1,2,1,2,2
836,94,53,95,37,10,27,1,1,2,1,2,2
837,48,95,52,82,5,71,1,1,2,1,2,2
838,81,43,91,52,92,0,1,1,2,1,2,2
839,44,40,19,46,31,56,1,1,2,1,2,2
840,75,51,24,68,1,52,1,1,2,1,2,2
841,43,0,40,11,5,93,1,0,2,1,2,2
842,36,1,13,72,50,25,1,0,2,2,2,2
843,50,5,35,96,41,8,1,0,2,2,2,1
844,46,42,84,99,75,88,1,0,2,2,2,1
845,82,30,65,96,87,38,1,0,2,2,2,1
846,57,18,83,31,23,66,1,0,2,2,2,1
847,41,81,99,38,54,30,1,0,2,2,2,1
848,55,25,31,3,88,20,1,0,2,2,2,1
849,88,73,57,71,93,52,1,0,2,2,2,1
850,31,58,13,72,98,29,1,0,2,2,2,1
851,80,23,77,67,19,47,1,0,2,2,2,1
852,75,54,19,3,8,65,1,0,2,2,2,1
853,16,66,92,46,80,74,1,0,2,2,2,1
854,75,24,74,25,56,64,1,0,2,2,2,1
855,28,68,45,77,9,71,1,0,2,2,2,1
856,53,14,6,31,63,8,1,0,2,2,2,1
857,15,90,95,45,59,82,1,0,2,2,2,1
858,61,85,37,91,88,0,1,0,0,2,2,1
859,81,19,46,14,66,38,1,0,0,2,2,1
860,17,75,53,98,15,64,1,0,0,2,2,1
861,76,8,52,67,78,13,1,0,0,2,2,1
862,18,12,68,51,87,42,1,0,0,2,2,1
863,93,73,79,83,78,83,1,0,0,2,2,1
864,83,26,58,91,85,79,1,0,0,2,2,1
865,99,32,3,10,8,29,1,0,0,2,2,1
866,68,99,2,83,29,13,1,0,0,2,2,1
867,47,31,50,23,48,42,1,0,0,2,2,1
868,52,27,80,43,16,81,1,0,0,2,2,1
869,34,15,36,89,81,0,1,0,0,2,2,1
870,68,63,84,77,35,58,1,0,0,2,2,1
871,83,17,16,45,13,50,1,0,0,2,2,1
872,21,33,3,1,14,33,1,0,0,2,2,1
873,56,30,71,77,52,26,0,0,0,2,2,1
874,96,82,75,0,30,37,0,0,0,2,2,1
875,12,2,99,88,87,60,0,0,0,2,2,1
876,88,9,6,44,93,68,0,0,0,2,2,1
877,38,0,87,90,1,72,0,0,0,2,2,1
878,80,7,4,5,15,60,0,0,0,2,2,1
879,58,41,5,41,83,74,0,0,0,2,2,1
880,42,80,47,56,87,99,0,0,0,1,2,1
881,32,89,93,88,19,65,0,0,0,1,2,1
882,54,68,44,39,59,88,0,0,0,1,2,1
883,25,71,47,26,4,5,0,1,0,1,2,1
884,92,30,6,66,57,19,0,1,0,1,2,1
885,70,41,21,39,83,9,0,1,0,1,2,1
886,8,90,68,27,32,95,0,1,0,1,2,1
887,11,3,4,25,12,23,0,1,0,1,2,1
888,4,53,65,50,48,1,0,1,0,1,2,1
889,36,94,28,89,28,51,0,1,0,1,1,1
890,73,37,24,72,56,26,0,1,0,1,1,1
891,37,66,30,19,93,85,0,1,0,1,1,1
892,52,13,55,29,87,33,0,1,0,1,1,1
893,66,26,93,90,85,21,0,1,0,1,1,1
894,19,78,43,30,88,87,0,1,2,1,1,1
895,2,89,54,32,67,24,0,1,2,1,1,1
896,26,48,60,12,8,75,0,1,2,1,1,1
897,81,16,52,43,76,36,0,1,2,1,1,1
898,27,67,15,31,82,32,0,1,2,1,1,1
899,95,12,97,47,70,1,0,1,2,1,1,1
900,47,91,84,19,93,87,0,1,2,1,1,1
901,8,40,53,95,27,50,0,1,2,1,1,1
902,59,9,88,66,39,36,0,1,2,1,1,1
903,16,36,34,46,70,75,0,1,2,1,1,1
904,92,7,18,61,44,85,0,1,2,1,1,1
905,89,43,36,63,76,52,0,1,2,1,1,1
906,47,20,90,48,53,75,0,1,2,1,1,1
907,35,65,52,94,35,95,0,1,2,1,1,1
908,88,55,82,60,41,53,0,1,2,1,1,1
909,65,25,56,89,94,13,0,1,2,1,1,1
910,86,38,64,45,15,81,0,1,2,1,1,1
911,14,6,20,59,93,20,0,1,2,1,1,1
912,27,38,35,19,89,92,0,1,2,1,1,0
913,32,58,22,4,72,61,0,1,1,1,1,0
914,74,7,13,96,16,52,0,1,1,1,1,0
915,5,5,88,12,33,16,0,1,1,1,1,0
916,35,2,7,1,85,41,0,1,1,2,1,0
917,41,66,63,90,30,3,0,1,1,2,1,0
918,58,11,97,75,16,99,0,1,1,2,1,0
919,50,17,50,57,76,84,0,1,1,2,1,0
920,28,57,48,88,83,81,0,1,1,2,1,0
921,98,81,47,5,7,48,0,1,1,2,1,0
922,97,84,67,31,71,67,0,1,1,2,1,0
923,0,97,6,73,86,79,0,2,1,2,1,0
924,82,53,39,53,75,61,0,2,1,2,1,0
925,24,78,24,75,16,64,0,2,1,2,1,0
926,28,33,9,12,55,54,0,2,1,2,1,0
927,95,28,19,61,82,16,0,2,1,2,1,0
928,21,18,6,35,88,10,0,2,1,2,1,0
929,89,40,12,19,32,15,0,2,1,2,1,0
930,78,50,11,17,30,81,0,2,1,2,1,0
931,2,25,42,84,71,72,0,2,1,2,1,0
932,31,68,16,16,33,8,2,2,1,2,1,0
933,20,17,32,34,21,13,2,2,1,2,1,0
934,65,74,40,70,69,5,2,2,1,2,1,0
935,82,13,21,88,45,74,2,2,1,2,1,0
936,60,98,36,74,89,78,2,2,1,2,1,0
937,36,52,94,48,12,47,2,2,1,2,2,0
938,38,34,44,51,94,72,2,2,1,2,2,0
939,53,45,60,97,92,16,2,2,1,2,2,0
940,28,70,79,34,44,66,2,2,1,2,2,0
941,46,48,67,35,75,83,2,2,1,2,2,0
942,99,18,95,61,40,99,2,2,1,2,2,0
943,98,6,58,17,49,61,2,1,1,2,2,0
944,77,76,65,22,52,98,2,1,1,2,2,0
945,95,84,12,20,86,1,2,1,1,2,2,0
946,20,44,34,3,88,23,2,1,1,2,2,0
947,98,79,18,76,63,16,2,1,1,0,2,0
948,12,31,45,45,28,92,2,1,1,0,2,0
949,16,50,49,89,27,6,2,1,1,0,2,0
950,92,1,53,8,68,88,2,1,1,0,2,0
951,27,35,38,3,11,86,2,1,1,0,2,0
952,25,49,29,49,42,32,2,1,1,0,2,0
953,95,12,10,3,57,82,2,1,1,0,2,0
954,84,4,14,19,17,22,2,1,1,0,2,0
955,65,92,40,87,71,10,2,1,1,0,2,0
956,19,83,89,10,38,21,2,1,1,0,2,0
957,20,29,12,97,56,28,2,1,1,0,2,0
958,85,64,28,94,35,67,2,1,1,0,2,0
959,69,66,45,49,6,35,2,1,1,0,2,0
960,11,73,11,29,52,31,2,1,1,0,2,1
961,32,36,55,76,93,58,2,1,1,0,2,1
962,5,17,69,66,21,13,2,1,1,0,2,1
963,72,19,24,54,36,26,2,1,1,0,2,1
964,60,7,68,57,96,22,2,1,1,0,2,1
965,21,45,79,96,72,73,2,1,1,0,2,1
966,46,84,58,68,88,5,2,1,1,0,2,1
967,71,21,73,83,22,28,2,1,1,0,2,1
968,25,7,87,4,84,71,2,1,1,0,2,1
969,32,1,3,36,59,38,2,1,1,1,2,1
970,76,52,41,6,5,41,2,1,1,1,2,1
971,97,32,88,65,0,61,2,1,1,1,2,1
972,25,24,1,55,59,89,2,1,1,1,2,1
973,39,91,70,49,24,63,2,1,1,1,2,1
974,29,68,93,40,69,80,2,1,1,1,2,1
975,65,87,14,49,4,88,2,1,1,1,2,1
976,22,20,51,64,34,66,2,1,1,1,2,1
977,69,99,87,69,69,94,2,1,1,1,2,1
978,66,92,55,1,45,45,2,1,1,1,2,1
979,93,37,45,27,96,64,2,1,1,1,2,1
980,96,79,38,31,29,44,2,1,1,1,2,1
981,50,65,96,46,91,71,1,1,1,1,1,1
982,22,51,39,82,78,82,1,1,1,1,1,1
983,4,64,16,67,55,35,1,1,1,1,1,1
984,46,20,94,33,1,70,1,1,1,1,1,1
985,58,31,28,45,4,65,1,1,1,1,1,1
986,70,35,90,59,25,87,1,2,1,1,1,1
987,96,25,56,54,9,39,1,2,1,1,1,1
988,97,35,79,16,79,13,1,2,2,1,1,1
989,40,65,16,35,44,93,1,2,2,1,1,1
990,22,53,34,17,10,2,1,2,2,1,1,1
991,11,68,6,27,89,99,1,2,2,1,1,1
992,49,5,65,3,83,53,1,2,2,1,1,1
993,51,73,86,30,66,46,1,2,2,1,1,1
994,63,45,6,13,28,84,1,2,2,1,1,1
995,74,41,25,9,74,43,1,2,2,1,1,1
996,82,44,17,27,0,65,1,2,2,1,1,1
997,32,72,99,97,59,45,1,2,2,1,1,1
998,64,16,45,30,76,25,1,2,2,1,1,1
999,57,63,49,59,23,56,1,2,2,1,1,1
1000,17,65,65,40,20,65,1,2,2,2,1,1
1001,8,22,48,65,57,11,1,2,2,2,1,1
1002,10,0,96,24,37,54,1,2,2,2,1,1
1003,38,77,27,81,91,91,1,2,2,2,1,1
1004,40,57,59,98,26,54,1,2,2,2,1,1
1005,93,68,68,28,91,25,1,2,2,2,1,1
1006,29,59,20,55,70,9,1,2,2,2,1,1
1007,58,75,59,1,74,4,1,2,2,2,1,1
1008,49,36,42,35,8,30,1,2,2,2,1,1
1009,0,82,51,26,87,36,1,2,2,2,1,0
1010,84,38,82,82,52,46,1,2,2,2,2,0
1011,54,1,97,28,55,11,1,2,2,2,2,0
1012,87,91,43,11,25,1,1,2,2,2,2,0
1013,55,41,93,54,72,68,1,2,2,2,2,0
1014,74,72,58,19,52,31,1,2,2,2,2,0
1015,75,88,59,29,4,88,1,2,2,2,2,0
1016,98,77,69,7,40,86,1,2,2,2,2,0
1017,50,78,42,26,61,0,1,2,2,2,2,0
1018,57,24,53,55,27,22,1,2,2,2,2,0
1019,39,1,94,23,39,20,1,2,2,2,2,0
1020,90,90,44,50,85,31,1,2,2,2,2,0
1021,3,51,79,6,31,96,1,2,2,2,2,0
1022,79,82,26,35,23,75,1,2,2,2,2,0
1023,7,45,71,1,5,77,1,2,2,2,2,0
1024,37,16,61,91,3,24,1,2,2,2,2,0
1025,44,31,58,56,31,49,1,2,2,2,2,0
1026,35,54,40,95,14,63,1,2,2,2,2,1
1027,91,53,35,84,95,8,1,2,2,2,2,1
1028,15,99,1,74,58,16,1,2,2,2,2,1
1029,4,85,95,45,81,67,1,2,2,2,2,1
1030,71,72,67,14,50,62,1,2,2,2,2,1
1031,26,43,62,49,30,46,1,2,2,2,2,1
1032,27,9,35,78,87,78,1,2,2,2,2,1
1033,77,66,9,16,3,49,1,2,2,2,2,1
1034,41,71,10,89,77,81,1,2,2,2,2,1
1035,83,52,55,91,4,12,1,2,2,2,2,1
1036,93,54,7,71,59,90,1,1,2,2,2,1
1037,51,71,85,4,74,51,1,1,2,2,2,1
1038,90,98,9,30,11,68,1,1,2,2,2,1
1039,80,73,13,6,76,97,1,1,2,2,2,1
1040,90,84,67,84,22,6,1,1,2,2,2,1
1041,46,33,16,62,37,0,1,1,2,2,2,1
1042,64,96,38,40,78,96,1,1,2,2,2,1
1043,50,17,85,55,52,81,1,1,2,2,2,1
1044,46,81,44,73,9,69,1,1,2,2,2,1
1045,12,60,45,87,88,40,1,1,2,2,2,1
1046,5,86,23,8,23,79,1,1,2,2,2,1
1047,13,5,16,57,69,29,1,1,2,2,2,1
1048,79,80,52,96,19,47,1,1,2,2,2,1
1049,30,23,55,43,38,30,1,1,2,2,2,1
1050,16,82,12,60,32,5,1,1,2,2,2,1
1051,2,61,57,97,52,9,1,1,2,2,2,1
1052,22,5,12,36,35,24,1,1,2,2,2,1
1053,74,31,47,68,19,18,1,1,2,2,2,1
1054,90,70,74,45,82,0,1,1,2,2,2,1
1055,76,66,56,71,34,29,1,1,2,2,2,1
1056,25,43,75,88,29,71,2,1,2,2,1,1
1057,55,52,54,56,20,99,2,1,2,1,1,1
1058,41,55,17,59,69,3,2,1,2,1,1,1
1059,16,25,37,62,51,82,2,1,2,1,1,1
1060,37,92,78,78,49,57,2,1,2,1,1,1
1061,54,87,51,32,86,28,2,1,2,1,1,1
1062,77,70,86,50,54,70,2,1,0,1,1,1
1063,72,65,10,31,11,2,2,1,0,1,1,1
1064,88,79,48,41,97,89,2,1,0,1,1,1
1065,11,16,93,36,5,25,2,1,0,1,1,1
1066,50,2,59,61,12,92,2,1,0,1,1,1
1067,55,49,94,89,67,78,2,1,0,1,1,1
1068,90,40,19,12,76,21,2,1,0,1,1,1
1069,36,1,58,99,1,83,2,1,0,1,1,1
1070,77,31,30,70,67,43,2,1,0,1,1,1
1071,36,49,96,11,76,97,2,1,0,1,1,1
1072,39,3,74,92,7,19,2,1,0,1,1,1
1073,91,11,46,26,55,53,2,1,0,1,1,1
1074,10,4,41,63,64,3,2,1,0,2,1,1
1075,48,14,0,6,79,9,2,1,0,2,1,1
1076,11,55,16,68,42,23,2,1,0,2,1,1
1077,76,8,11,26,6,1,2,1,0,2,1,1
1078,21,46,67,82,35,78,2,1,0,2,1,1
1079,72,3,95,36,49,32,2,1,0,2,1,1
1080,77,74,6,1,50,52,2,1,0,2,1,1
1081,8,27,63,6,58,17,2,1,0,2,1,1
1082,67,11,41,11,2,12,2,1,0,2,1,1
1083,14,46,53,79,77,62,2,1,0,2,1,1
1084,24,41,74,40,17,80,2,1,0,2,1,1
1085,10,58,44,13,5,23,2,1,0,2,1,1
1086,65,11,84,47,86,40,2,1,0,2,1,1
1087,8,70,47,93,12,46,2,1,0,2,1,1
1088,37,64,51,46,87,4,2,1,0,2,1,1
1089,22,24,45,2,24,91,2,1,0,2,1,1
1090,13,76,65,42,40,67,2,1,0,2,1,1
1091,7,18,2,96,82,68,2,1,0,2,1,1
1092,53,26,62,84,17,65,2,1,0,2,1,1
1093,26,42,71,43,61,48,2,1,0,2,1,1
1094,98,97,29,91,39,55,2,1,0,2,1,1
1095,81,90,59,16,48,52,2,1,0,2,1,1
1096,34,66,57,26,8,54,2,1,0,2,1,2
1097,51,83,18,35,12,93,2,1,0,2,1,2
1098,17,47,59,1,75,33,2,1,0,2,1,2
1099,69,50,40,15,95,72,2,1,0,2,1,2
1100,83,72,38,45,5,83,2,1,0,2,1,2
1101,75,23,3,98,99,4,2,1,0,2,0,2
1102,91,40,40,71,50,73,2,1,0,2,0,2
1103,4,21,11,7,61,46,2,1,2,2,0,2
1104,5,18,8,40,94,5,2,1,2,2,0,2
1105,27,23,3,82,57,7,2,1,2,2,0,2
1106,57,62,25,35,55,99,2,1,2,2,0,2
1107,9,91,34,72,9,4,2,1,2,2,0,2
1108,1,97,92,44,60,12,2,1,2,2,0,2
1109,64,29,20,11,86,21,2,1,2,2,0,2
1110,55,49,63,66,41,35,2,1,2,2,0,2
1111,45,93,9,35,59,21,0,0,2,2,0,2
1112,1,49,89,43,88,4,0,0,2,2,0,2
1113,86,29,47,63,28,37,0,0,2,2,0,2
1114,60,23,82,51,86,67,0,0,2,2,0,2
1115,37,89,39,22,14,23,0,0,2,2,0,2
1116,19,20,60,17,4,56,0,0,2,2,0,2
1117,76,65,99,79,1,36,0,0,2,2,0,2
1118,19,25,90,43,53,85,0,0,2,2,0,2
1119,45,90,58,27,95,37,0,0,2,2,0,2
1120,86,89,45,92,20,32,0,0,2,2,0,2
1121,34,71,76,11,75,9,0,0,2,2,0,2
1122,70,31,85,18,76,88,0,0,2,0,0,2
1123,37,57,14,97,83,98,0,0,2,0,0,2
1124,80,11,49,36,68,62,0,0,2,0,0,2
1125,95,93,16,62,39,51,0,0,2,0,0,2
1126,39,85,53,96,17,16,0,0,2,0,0,2
1127,42,30,24,70,48,98,0,0,2,0,0,2
1128,74,58,68,81,77,30,0,0,2,0,0,2
1129,21,85,40,5,13,11,0,0,2,0,0,2
1130,16,10,46,56,67,24,0,0,2,0,0,2
1131,12,65,57,83,41,29,0,0,2,0,0,2
1132,23,95,82,70,49,66,0,0,2,0,0,2
1133,39,53,80,56,6,34,0,0,2,0,0,2
1134,95,32,42,42,72,30,0,0,2,0,0,2
1135,54,5,51,48,65,11,0,0,2,0,0,2
1136,66,69,3,8,67,68,0,0,2,0,0,2
1137,21,54,95,84,55,85,0,0,2,0,0,2
1138,73,34,88,43,57,3,0,0,2,0,0,2
1139,17,73,17,29,78,26,0,0,2,0,0,2
1140,69,97,42,7,13,34,0,0,2,0,0,2
1141,56,92,17,93,30,47,0,0,2,0,0,1
1142,6,44,69,55,56,31,0,0,2,0,0,1
1143,59,58,36,86,0,6,0,0,2,0,0,1
1144,60,3,15,98,5,20,0,0,2,0,0,1
1145,27,25,1,47,6,47,0,0,2,0,0,1
1146,77,39,81,82,31,51,0,0,2,0,0,1
1147,66,93,50,87,3,82,0,0,2,0,0,1
1148,39,76,89,66,54,80,0,0,2,0,0,1
1149,48,84,71,8,78,78,0,0,2,0,0,1
1150,1,36,64,77,96,34,0,0,2,0,0,1
1151,45,35,85,38,20,47,0,0,2,0,0,1
1152,67,30,56,28,26,7,0,0,2,0,0,1
1153,82,70,18,80,87,66,0,0,2,0,0,1
1154,9,38,78,48,89,14,0,0,2,0,0,1
1155,29,40,90,78,32,67,0,0,2,0,0,1
1156,97,79,4,56,71,4,0,0,2,0,0,1
1157,38,16,21,20,75,64,0,0,2,0,0,1
1158,48,29,24,34,57,28,0,0,2,0,0,1
1159,30,47,48,47,41,65,0,0,2,0,0,1
1160,18,15,89,53,26,3,0,0,2,0,0,1
1161,54,48,36,10,64,72,0,0,2,0,0,1
1162,44,97,17,68,17,17,0,0,2,0,0,1
1163,22,82,79,91,55,84,1,0,2,0,0,1
1164,39,12,49,9,81,57,1,0,2,0,0,1
1165,98,46,34,92,77,69,1,0,2,0,0,1
1166,22,36,41,21,5,60,1,0,2,0,0,1
1167,17,42,72,79,21,21,1,0,2,0,0,1
1168,62,62,33,71,64,79,1,0,2,0,0,1
1169,69,14,62,6,78,7,1,0,0,0,0,1
1170,88,70,86,23,76,85,1,0,0,0,0,1
1171,19,13,56,70,80,25,1,0,0,0,0,1
1172,37,78,99,57,31,44,1,0,0,0,0,1
1173,19,25,49,90,29,99,1,0,0,0,1,1
1174,44,65,47,32,56,95,1,0,0,0,1,1
1175,1,82,3,13,94,94,1,0,0,0,1,1
1176,6,4,92,48,73,70,1,0,0,0,1,1
1177,94,0,39,99,62,52,1,0,0,0,1,1
1178,79,45,29,59,52,56,1,0,0,0,1,1
1179,85,84,74,43,83,59,1,0,0,1,1,1
1180,63,34,29,41,12,90,1,0,0,1,1,1
1181,55,32,13,73,57,66,1,0,0,1,1,1
1182,5,87,19,8,47,99,1,0,0,1,1,1
1183,14,24,28,5,90,13,1,1,0,1,1,1
1184,86,7,9,1,4,20,1,1,0,1,1,1
1185,14,47,31,87,78,17,1,1,0,1,1,1
1186,8,34,54,25,5,3,1,1,0,1,1,1
1187,66,80,24,4,10,2,1,1,0,1,1,1
1188,11,52,15,63,39,55,1,1,0,1,1,1
1189,19,88,79,1,67,74,1,1,0,1,1,1
1190,10,60,69,35,5,2,1,1,0,1,1,1
1191,2,7,78,3,52,93,1,1,0,1,1,1
1192,88,95,9,54,40,56,1,1,0,1,1,1
1193,99,97,98,19,44,2,1,1,0,1,1,1
1194,26,54,25,92,43,30,1,1,0,1,1,1
1195,15,82,11,97,29,70,1,1,0,1,0,0
1196,96,78,35,36,76,98,1,1,0,1,0,0
1197,90,3,34,63,45,29,1,1,0,1,0,0
1198,21,18,95,44,90,59,1,1,0,1,0,0
1199,55,97,18,34,99,2,1,1,0,1,0,0
1200,81,1,97,19,89,46,1,1,0,0,0,0
1201,87,79,39,37,99,51,1,1,0,0,0,0
1202,27,29,88,67,78,17,1,1,0,0,0,0
1203,3,91,0,56,46,45,1,1,0,0,0,0
1204,97,42,36,88,36,29,1,1,0,0,0,0
1205,20,2,65,80,37,11,1,1,0,0,0,0
1206,90,43,72,40,61,66,0,1,0,0,0,0
1207,3,78,0,77,81,53,0,1,0,0,0,0
1208,75,26,49,82,61,59,0,1,0,0,0,0
1209,82,15,53,39,52,66,0,1,0,0,0,0
1210,55,78,70,95,68,67,0,1,1,0,0,0
1211,98,23,30,67,93,65,0,1,1,0,0,0
1212,62,79,36,57,27,59,0,1,1,0,0,0
1213,51,4,93,56,84,36,0,1,1,0,0,0
1214,25,10,1,47,77,16,0,1,1,0,0,0
1215,26,60,44,75,63,95,0,1,1,0,0,0
1216,14,58,56,94,59,20,0,1,1,0,0,0
1217,51,76,34,13,90,45,0,1,1,0,0,0
1218,4,14,98,30,68,89,0,1,1,0,0,0
1219,82,29,54,55,76,0,0,1,1,0,0,0
1220,59,62,66,15,97,42,0,1,1,0,0,0
1221,11,7,51,61,51,36,0,1,1,0,0,0
1222,67,72,61,36,18,23,0,1,1,0,0,0
1223,27,64,30,35,64,52,0,1,1,0,0,0
1224,78,93,14,60,92,0,0,1,1,0,0,0
1225,89,42,90,41,33,4,0,1,1,0,0,0
1226,82,13,77,90,87,84,0,1,1,0,0,0
1227,48,38,48,24,32,95,0,1,1,0,0,0
1228,10,74,3,69,36,14,0,1,1,0,0,0
1229,51,65,10,65,47,37,0,1,1,0,0,0
1230,17,56,16,28,88,55,0,1,1,0,2,0
1231,61,13,64,64,80,17,1,1,1,0,2,0
1232,60,92,7,77,95,34,1,1,1,0,2,0
1233,66,46,27,40,65,42,1,1,1,0,2,0
1234,46,92,69,73,66,54,1,1,1,0,2,0
1235,9,99,42,35,49,42,1,1,1,0,2,0
1236,47,26,12,18,23,63,1,1,1,0,2,0
1237,40,50,83,21,11,57,1,1,1,0,2,0
1238,58,35,4,88,82,25,1,1,1,0,2,0
1239,83,29,70,70,11,57,1,1,1,0,2,0
1240,80,35,6,32,7,21,1,1,1,0,2,0
1241,6,62,32,91,72,97,1,1,2,0,2,0
1242,97,14,27,18,9,58,1,1,2,0,2,0
1243,43,10,6,20,2,22,1,1,2,0,2,0
1244,76,87,16,68,46,3,1,1,2,0,2,0
1245,73,58,28,5,84,83,1,1,2,0,2,2
1246,47,91,52,67,10,33,1,1,2,0,2,2
1247,88,2,53,69,54,46,0,1,2,0,2,2
1248,97,21,2,96,16,37,0,1,2,0,2,2
1249,45,34,23,5,53,78,0,1,2,1,2,2
1250,8,72,83,46,37,56,0,1,2,1,2,2
1251,2,60,78,55,21,6,0,1,2,1,2,2
1252,0,63,71,14,65,76,0,1,2,1,2,2
1253,21,93,55,64,61,91,0,2,2,1,2,2
1254,44,48,68,38,4,82,0,2,2,1,2,2
1255,76,10,48,31,7,9,0,2,2,1,2,2
1256,62,91,84,63,34,73,0,2,2,1,2,2
1257,43,16,37,67,21,38,0,2,2,1,2,2
1258,58,6,78,38,86,5,0,2,2,1,2,2
1259,97,76,73,56,49,97,0,2,2,1,2,2
1260,11,10,61,37,97,95,0,2,2,1,2,2
1261,61,15,17,9,27,87,0,2,2,1,2,2
1262,87,81,95,83,84,29,0,2,2,1,2,2
1263,27,3,52,38,51,94,0,2,2,1,2,2
1264,59,96,66,22,50,18,0,2,2,1,2,2
1265,28,30,0,28,71,43,0,2,2,1,2,2
1266,26,9,66,69,73,30,0,2,2,1,2,2
1267,41,68,5,87,7,93,0,2,2,1,2,2
1268,69,96,97,11,48,98,0,2,2,1,2,2
1269,31,81,56,46,35,60,0,2,2,1,2,2
1270,40,65,64,90,24,88,0,2,2,1,2,2
1271,35,2,32,25,80,2,0,2,2,1,2,2
1272,64,98,6,26,25,42,0,2,2,1,2,2
1273,43,69,4,21,50,13,0,2,2,0,2,2
1274,55,85,57,40,3,5,0,2,2,0,2,2
1275,39,10,34,59,32,79,0,2,2,0,2,2
1276,64,41,98,43,96,31,0,2,2,0,2,2
1277,46,51,45,59,4,77,0,2,2,0,2,2
1278,62,81,56,3,75,83,0,2,2,0,2,2
1279,24,66,25,41,30,32,0,2,2,0,2,2
1280,32,89,22,32,61,72,0,2,2,0,2,2
1281,41,59,82,90,23,53,0,2,2,0,2,2
1282,98,89,86,12,61,74,0,2,2,0,2,2
1283,25,88,35,46,95,90,0,2,2,0,2,2
1284,22,58,83,23,40,36,0,2,2,0,2,2
1285,46,6,58,26,62,90,0,2,2,0,2,2
1286,7,33,15,63,3,6,0,2,0,0,2,2
1287,59,87,60,26,76,38,0,2,0,0,2,2
1288,81,2,1,69,20,36,0,2,0,0,2,2
1289,18,33,80,13,60,32,0,2,0,0,2,2
1290,9,16,92,72,69,68,0,2,0,0,2,2
1291,0,22,53,7,36,62,0,2,0,0,2,2
1292,93,29,29,79,98,40,0,2,0,0,2,2
1293,13,75,58,23,69,67,0,2,0,0,2,2
1294,67,46,29,98,1,71,0,2,0,0,2,2
1295,61,64,60,33,38,30,0,2,0,0,2,2
1296,14,0,16,35,3,24,0,2,0,0,2,0
1297,17,74,93,70,34,71,0,2,0,0,2,0
1298,55,63,70,87,23,92,0,2,0,0,0,0
1299,49,90,5,16,29,66,0,2,0,0,0,0
1300,67,8,86,5,68,27,0,2,0,0,0,0
1301,42,65,68,60,86,48,0,2,0,0,0,0
1302,67,96,25,78,97,66,0,2,0,0,0,0
1303,25,43,63,89,21,42,0,2,0,0,0,0
1304,35,88,94,38,13,66,0,2,0,0,0,0
1305,32,38,1,1,27,50,1,2,0,0,0,0
1306,51,76,40,30,86,17,1,2,0,0,0,0
1307,96,64,14,38,5,8,1,2,0,0,0,0
1308,78,24,57,78,10,31,1,2,0,0,0,0
1309,77,3,95,69,81,74,1,2,0,0,0,0
1310,41,74,54,53,0,63,1,2,0,0,0,0
1311,78,99,1,27,70,41,1,2,0,0,0,0
1312,14,73,23,92,38,85,1,2,0,0,0,0
1313,57,55,80,39,80,58,1,2,0,0,0,0
1314,37,84,62,19,98,97,1,2,0,0,0,0
1315,13,30,28,16,0,13,1,2,0,0,0,0
1316,37,55,98,69,48,8,1,2,0,0,0,0
1317,96,7,61,19,20,88,1,2,0,0,0,0
1318,24,26,68,67,28,16,1,2,0,0,0,0
1319,85,33,94,30,59,30,1,2,1,0,0,0
1320,53,48,72,63,13,39,1,2,1,0,0,0
1321,97,83,97,95,16,4,1,2,1,0,0,0
1322,25,73,15,52,3,28,1,2,1,0,0,0
1323,69,84,2,82,80,99,1,2,1,0,0,0
1324,54,88,69,60,19,12,1,2,1,0,0,0
1325,97,95,79,66,21,48,1,2,1,0,0,0
1326,24,57,66,85,22,18,1,2,1,0,0,0
1327,88,41,54,19,32,39,1,2,1,0,0,0
1328,35,56,20,30,24,55,1,1,1,2,0,0
1329,36,87,57,18,32,24,1,1,1,2,0,0
1330,4,69,80,21,81,80,1,1,1,2,0,0
1331,71,76,77,74,28,82,1,1,1,2,0,0
1332,22,99,69,46,15,93,1,1,1,2,0,0
1333,91,28,50,52,14,73,1,1,1,2,0,0
1334,7,99,96,34,98,18,1,1,1,2,0,0
1335,45,85,38,82,23,19,1,1,1,2,0,0
1336,83,71,13,64,34,96,1,1,1,2,0,0
1337,55,74,62,69,16,97,1,1,1,2,0,0
1338,57,50,73,99,15,1,1,1,1,2,0,0
1339,31,78,65,0,41,54,1,1,1,2,0,0
1340,51,89,42,56,59,25,1,1,1,2,0,0
1341,31,32,47,78,41,39,1,1,1,2,0,0
1342,59,56,53,37,8,53,1,1,1,2,0,0
1343,22,42,19,77,64,75,0,1,1,2,0,2
1344,96,34,97,5,96,99,0,1,1,2,0,2
1345,92,96,67,91,12,85,0,1,1,2,0,2
1346,13,63,92,77,45,41,0,1,2,2,0,2
1347,77,5,4,19,74,36,0,1,2,2,0,2
1348,54,54,79,81,2,31,0,1,2,2,0,2
1349,2,18,26,87,28,77,0,1,2,2,0,2
1350,59,53,45,22,54,87,0,1,2,2,0,2
1351,69,96,75,50,49,57,0,1,2,0,0,2
1352,29,81,63,32,4,16,0,1,2,0,0,2
1353,35,24,26,23,1,34,0,1,2,0,0,2
1354,93,8,78,35,3,5,0,1,2,0,0,2
1355,26,43,27,7,54,62,0,1,2,0,0,2
1356,32,0,24,19,71,85,0,1,2,0,0,2
1357,17,85,0,37,51,86,0,1,2,0,0,2
1358,7,6,25,0,28,93,0,1,2,0,0,2
1359,60,38,56,20,39,69,0,1,2,0,0,2
1360,31,57,39,23,57,93,0,1,2,0,0,2
1361,54,95,92,79,63,86,0,1,2,0,0,2
1362,8,78,90,80,53,9,0,1,2,0,0,2
1363,91,38,80,22,95,93,0,1,2,0,0,2
1364,77,27,30,70,66,34,0,1,2,0,0,2
1365,1,26,89,93,43,61,0,1,2,0,0,2
1366,90,21,98,44,17,34,0,1,2,0,0,2
1367,39,75,5,93,12,25,0,1,2,0,2,2
1368,68,42,68,48,77,26,0,1,2,0,2,2
1369,71,35,5,4,70,68,0,1,2,0,2,2
1370,50,90,78,94,48,27,0,1,2,0,2,2
1371,66,65,77,82,44,24,0,1,2,0,2,2
1372,20,53,52,2,28,71,0,1,2,0,2,2
1373,7,89,34,90,55,65,0,1,2,0,2,2
1374,37,92,40,1,82,53,0,1,2,0,2,2
1375,31,44,71,50,57,74,0,1,2,0,2,2
1376,8,35,3,66,68,97,0,1,2,0,2,2
1377,44,79,86,63,21,14,0,1,2,0,2,2
1378,89,19,8,68,41,91,0,1,2,0,2,2
1379,62,68,82,6,99,18,0,1,2,0,2,2
1380,76,72,53,31,84,14,0,1,2,0,2,2
1381,63,69,18,45,17,9,0,1,2,0,2,2
1382,99,48,5,52,20,81,0,1,2,0,2,2
1383,80,86,64,50,22,48,0,1,2,0,2,2
1384,88,53,5,59,30,25,0,1,2,0,2,2
1385,89,4,27,72,93,21,0,1,2,0,2,2
1386,9,24,99,50,32,81,0,1,2,0,2,2
1387,29,18,15,64,94,15,0,1,2,0,2,2
1388,9,6,99,96,58,78,0,1,2,0,2,2
1389,0,34,19,49,63,80,0,1,2,0,2,2
1390,38,31,3,16,31,31,0,1,2,0,2,2
1391,7,36,34,13,7,1,0,1,2,0,2,2
1392,34,33,55,55,2,69,0,1,1,2,2,2
1393,61,82,40,16,46,81,0,1,1,2,2,2
1394,77,50,83,75,69,39,0,1,1,2,2,2
1395,83,19,36,62,40,92,0,0,1,2,2,0
1396,28,33,65,23,72,55,0,0,1,2,2,0
1397,26,57,47,88,32,42,0,0,1,2,2,0
1398,54,1,50,13,78,75,0,0,1,2,2,0
1399,59,34,26,20,86,58,0,0,1,2,2,0
1400,35,29,83,62,5,89,0,0,1,2,2,0
1401,63,79,79,53,24,25,0,0,1,2,2,0
1402,39,7,76,80,12,28,0,0,1,2,2,0
1403,29,68,23,5,38,22,0,0,1,2,2,0
1404,45,23,88,9,59,92,1,0,1,2,2,0
1405,42,36,33,26,3,10,1,0,1,2,2,0
1406,77,44,47,46,74,56,1,0,1,2,2,0
1407,76,5,99,91,61,20,1,0,1,2,2,0
1408,21,73,25,88,95,64,1,0,1,2,2,0
1409,73,68,33,97,66,76,1,0,1,2,2,0
1410,33,85,28,36,70,32,1,0,1,2,2,0
1411,25,25,60,68,49,50,1,0,1,2,2,0
1412,92,3,58,45,40,77,1,0,1,2,2,0
1413,44,49,73,72,73,50,1,0,1,2,2,0
1414,78,79,30,65,81,98,1,0,1,2,2,0
1415,32,98,41,8,98,34,1,0,1,2,2,0
1416,1,91,87,21,33,47,1,0,1,2,2,1
1417,96,33,99,73,54,29,1,0,1,2,2,1
1418,17,82,61,64,50,55,1,0,1,2,2,1
1419,84,77,12,92,93,79,1,0,1,2,0,1
1420,1,52,47,33,41,94,1,0,1,2,0,1
1421,10,26,51,22,17,71,1,0,1,2,0,1
1422,45,52,71,25,6,89,1,0,1,2,0,1
1423,54,81,32,29,99,66,1,0,1,2,0,1
1424,91,48,76,95,77,14,1,0,1,2,0,1
1425,39,73,66,14,59,61,1,0,1,2,0,1
1426,18,23,50,69,36,14,1,0,1,2,0,1
1427,7,74,96,24,85,26,1,0,1,2,0,1
1428,10,14,33,38,76,62,1,0,1,2,0,1
1429,82,65,20,52,33,46,1,0,2,2,0,1
1430,47,23,23,4,66,65,1,0,2,2,0,1
1431,93,73,30,52,52,53,1,0,2,2,0,1
1432,72,54,26,90,16,38,1,0,2,2,0,1
1433,78,55,3,61,99,5,1,0,2,2,0,1
1434,98,28,11,19,86,3,1,0,2,2,0,1
1435,67,94,39,18,32,48,1,0,2,2,0,1
1436,60,7,62,67,85,74,1,0,2,2,0,1
1437,40,92,63,6,35,42,1,0,2,2,0,1
1438,54,35,68,74,36,85,1,0,2,2,0,1
1439,48,80,49,83,93,76,1,0,2,2,0,1
1440,9,7,96,79,42,32,1,0,2,2,0,1
1441,96,99,81,25,71,65,1,0,2,2,0,1
1442,42,65,1,6,42,28,1,0,2,2,0,1
1443,4,5,10,90,52,59,1,0,2,2,0,1
1444,20,12,36,73,87,60,1,0,2,1,0,1
1445,47,37,46,59,52,17,1,0,2,1,0,1
1446,59,42,50,18,7,19,1,0,2,1,0,1
1447,47,36,84,56,63,60,2,0,2,1,0,1
1448,59,72,63,25,1,2,2,0,2,1,0,2
1449,35,60,88,75,95,79,2,0,2,1,0,2
1450,3,6,12,15,52,91,2,0,2,1,0,2
1451,57,47,36,61,90,92,2,0,2,1,0,2
1452,63,32,92,67,82,8,2,0,2,1,0,2
1453,41,78,49,23,96,4,2,0,2,1,0,2
1454,70,47,27,95,10,64,2,0,2,1,0,2
1455,75,8,99,29,5,1,2,0,2,1,0,2
1456,91,63,22,57,0,53,2,0,2,1,0,2
1457,57,94,65,56,27,69,2,0,2,1,0,2
1458,59,74,27,46,34,70,2,1,2,1,0,2
1459,39,15,52,52,49,65,2,1,2,1,0,2
1460,69,17,22,71,62,52,2,1,2,1,0,2
1461,15,67,57,34,26,68,2,1,2,1,0,2
1462,45,13,81,43,13,30,2,1,2,1,0,2
1463,73,65,21,74,97,21,2,1,2,1,0,2
1464,3,67,35,16,94,67,2,1,2,1,0,2
1465,61,54,51,58,44,31,2,1,2,1,0,2
1466,85,11,14,87,80,5,2,1,2,1,0,2
1467,25,2,19,78,16,17,2,1,2,1,0,2
1468,55,52,79,50,46,22,2,1,2,1,0,2
1469,78,7,63,51,11,92,2,1,2,1,0,2
1470,42,86,6,56,84,60,2,1,2,1,0,2
1471,60,23,34,35,36,19,2,1,2,1,0,2
1472,67,45,95,28,3,60,2,1,0,1,0,2
1473,56,61,83,96,40,93,2,1,0,1,0,2
1474,1,76,38,28,52,9,2,1,0,1,0,2
1475,2,11,34,95,36,30,2,1,0,1,0,2
1476,81,6,27,41,53,51,2,1,0,1,0,2
1477,7,92,74,2,0,40,2,1,0,1,0,2
1478,91,9,20,71,99,49,2,1,0,1,0,2
1479,54,55,10,12,18,16,2,1,0,1,0,2
1480,63,65,6,0,33,67,2,1,0,1,0,2
1481,13,44,20,47,58,2,2,1,0,1,0,2
1482,54,72,34,73,91,7,2,1,0,1,0,2
1483,12,10,94,62,9,58,2,1,0,1,0,2
1484,35,14,15,61,84,91,2,1,0,1,1,2
1485,55,9,55,81,60,52,2,1,0,1,1,2
1486,32,48,19,63,59,39,2,1,0,1,1,2
1487,19,52,57,78,56,43,2,1,0,1,1,2
1488,98,33,41,48,29,87,2,1,0,1,1,2
1489,53,76,8,91,24,92,2,1,0,1,1,2
1490,30,85,30,44,6,38,2,1,0,1,1,2
1491,18,62,35,33,94,12,2,1,0,1,1,2
1492,20,19,37,63,77,21,2,1,0,1,1,2
1493,60,35,3,39,23,56,2,1,0,1,1,2
1494,23,12,21,0,72,98,2,1,0,1,1,2
1495,49,85,68,90,79,1,2,1,0,0,1,2
1496,95,19,26,61,59,13,2,1,0,0,1,2
1497,72,2,95,72,34,54,0,1,0,0,1,2
1498,36,57,58,75,77,41,0,1,0,0,1,2
1499,15,18,32,4,0,0,0,1,0,0,1,2
1500,90,39,67,7,87,42,0,1,0,0,1,2
1501,3,16,31,93,79,33,0,1,0,0,1,2
1502,80,47,94,51,81,1,0,1,0,0,1,2
1503,60,65,45,53,37,69,0,1,0,0,1,2
1504,79,99,71,71,28,43,0,1,0,0,1,2
1505,60,1,95,4,37,97,0,1,1,0,1,2
1506,24,49,3,36,15,12,0,1,1,0,1,2
1507,57,70,1,50,22,45,0,1,1,0,1,2
1508,3,22,77,0,7,97,0,1,1,0,1,2
1509,50,62,5,53,6,52,0,1,1,0,1,2
1510,30,3,68,99,60,94,0,1,1,0,1,2
1511,36,47,36,88,45,7,0,1,1,0,1,2
1512,74,39,33,56,39,33,0,1,1,0,1,2
1513,4,31,38,95,19,10,0,1,1,0,1,2
1514,20,73,34,55,77,2,0,1,1,0,1,1
1515,72,43,54,86,36,4,0,0,1,0,1,1
1516,0,47,49,60,92,12,0,0,1,0,1,1
1517,18,51,4,97,53,3,0,0,1,0,1,1
1518,67,16,98,64,96,33,0,0,1,0,1,1
1519,61,22,68,24,39,78,0,0,1,0,1,1
1520,26,47,73,43,53,3,0,0,1,0,1,1
1521,54,64,77,15,95,62,0,0,1,0,1,1
1522,82,90,90,6,2,42,0,0,1,0,0,1
1523,73,64,51,53,54,85,0,0,1,0,0,1
1524,66,92,79,31,53,51,0,0,1,0,0,1
1525,75,19,34,33,65,55,0,0,1,0,0,1
1526,73,92,6,25,22,75,0,0,1,0,0,1
1527,83,44,50,66,88,3,0,0,1,0,0,1
1528,80,45,9,94,73,52,0,0,1,0,0,1
1529,14,29,38,71,60,54,0,0,1,0,0,0
1530,56,90,55,32,48,46,0,0,1,0,0,0
1531,86,33,43,6,50,80,0,0,1,0,0,0
1532,21,95,84,72,4,91,0,0,1,0,0,0
1533,69,43,65,28,94,74,0,0,1,0,0,0
1534,37,50,3,5,37,80,0,1,1,0,0,0
1535,11,93,76,43,47,34,0,1,1,0,0,0
1536,8,62,69,28,98,96,0,1,1,0,0,0
1537,46,67,5,36,0,72,0,1,1,0,0,0
1538,35,66,52,49,92,85,0,1,1,0,0,0
1539,3,38,46,38,43,2,0,1,1,0,0,0
1540,64,92,42,29,26,12,0,1,1,0,0,0
1541,82,23,23,66,52,46,0,1,1,0,2,0
1542,14,68,24,39,43,68,0,1,1,0,2,0
1543,38,16,94,7,85,52,0,1,1,0,2,0
1544,30,84,37,35,96,37,0,1,1,0,2,0
1545,92,67,88,81,22,21,0,1,1,0,2,0
1546,23,62,18,67,94,68,0,1,1,0,2,2
1547,30,32,78,49,15,79,0,1,1,0,2,2
1548,20,66,19,87,4,30,0,1,1,0,2,2
1549,84,85,87,4,11,69,1,1,1,0,2,2
1550,50,94,86,61,18,68,1,1,1,0,2,2
1551,56,64,22,82,60,15,1,1,1,0,2,2
1552,98,16,97,63,29,4,1,1,1,0,2,2
1553,7,59,1,42,9,69,1,1,1,0,2,2
1554,18,33,23,27,90,11,1,1,1,0,2,2
1555,29,44,68,45,18,69,1,1,1,0,2,2
1556,5,85,31,28,17,8,1,1,1,0,2,2
1557,41,54,83,83,14,82,1,1,1,0,2,2
1558,24,76,19,20,34,1,1,1,2,0,2,2
1559,44,31,40,16,78,75,1,1,2,0,2,2
1560,93,63,14,81,60,26,1,1,2,0,2,2
1561,52,43,66,22,77,64,1,1,2,0,2,2
1562,46,67,26,25,36,96,1,1,2,0,2,2
1563,42,35,29,78,33,3,1,1,2,0,2,2
1564,52,50,0,52,49,81,1,0,2,2,2,2
1565,49,4,25,40,2,50,1,0,2,2,2,2
1566,16,39,55,90,86,27,1,0,2,2,2,2
1567,64,16,67,7,64,91,1,0,2,2,2,2
1568,96,93,96,2,34,35,1,0,2,2,2,2
1569,0,87,57,18,48,95,1,0,2,2,2,2
1570,11,9,41,28,1,21,1,0,2,2,2,2
1571,37,0,80,83,2,34,1,0,2,2,2,2
1572,3,39,65,84,48,61,1,0,2,2,2,2
1573,0,35,96,66,89,0,1,0,2,2,2,2
1574,41,24,98,1,93,51,1,0,2,2,2,2
1575,12,81,44,35,37,28,1,0,2,2,2,2
1576,45,47,42,88,7,57,1,0,2,2,2,2
1577,31,92,59,86,10,11,1,0,2,2,2,2
1578,50,62,58,90,37,80,1,0,2,2,2,2
1579,6,56,49,13,64,65,1,0,2,2,2,2
1580,26,83,59,61,62,85,1,0,2,2,2,2
1581,96,89,28,3,33,13,1,0,2,2,2,2
1582,16,31,50,54,90,10,1,0,2,2,2,2
1583,66,88,18,8,9,35,1,0,2,2,2,2
1584,5,97,94,15,17,60,1,0,1,2,2,2
1585,80,33,99,59,69,19,1,0,1,2,2,2
1586,18,2,97,29,76,43,1,0,1,2,2,2
1587,67,15,0,88,61,92,1,0,1,2,2,2
1588,31,29,47,6,89,87,1,0,1,2,2,2
1589,35,41,27,85,62,33,1,0,1,2,2,2
1590,78,74,37,71,28,29,1,0,1,2,2,2
1591,39,21,77,8,71,74,1,0,1,0,2,2
1592,42,40,82,36,54,91,1,0,1,0,2,0
1593,5,9,11,65,96,93,1,0,1,0,2,0
1594,93,36,70,39,9,23,1,0,1,0,2,0
1595,82,5,54,87,39,48,1,0,1,0,2,0
1596,95,31,57,61,19,84,1,0,1,0,2,0
1597,52,13,81,81,97,30,1,0,1,0,2,0
1598,19,52,74,57,87,43,0,0,1,0,2,0
1599,55,84,51,73,79,39,0,0,1,0,2,0
1600,88,28,75,90,88,15,0,0,1,0,2,0
1601,59,79,15,42,38,46,0,0,1,0,2,0
1602,2,67,4,94,7,59,0,0,1,0,2,0
1603,56,81,22,74,51,27,0,0,1,0,2,0
1604,66,20,58,0,60,98,0,0,1,0,2,0
1605,14,64,95,45,80,29,0,0,1,0,2,0
1606,37,52,37,53,51,93,0,0,1,0,2,0
1607,92,51,58,83,39,12,0,0,1,0,0,0
1608,60,88,34,35,24,61,0,2,1,0,0,0
1609,58,36,51,98,2,80,0,2,1,0,0,0
1610,93,79,52,30,48,12,0,2,1,0,0,0
1611,42,40,46,60,29,61,0,2,1,0,0,0
1612,75,16,65,71,72,12,0,2,1,0,0,0
1613,68,43,71,55,43,45,0,2,1,0,0,0
1614,38,59,27,52,35,82,0,2,1,0,0,0
1615,46,0,66,17,34,40,0,2,1,0,0,0
1616,11,72,4,65,51,61,0,2,1,0,0,0
1617,99,56,35,43,45,15,0,2,1,0,0,0
1618,8,45,85,65,79,41,0,2,1,0,0,0
1619,53,95,18,79,91,49,0,2,1,0,0,0
1620,61,44,31,10,7,60,0,2,1,0,0,0
1621,35,17,28,42,71,97,0,2,1,0,0,0
1622,73,77,37,39,49,32,0,2,1,0,0,0
1623,61,60,82,44,46,25,0,2,1,0,0,0
1624,57,3,63,40,16,43,0,2,1,0,0,0
1625,6,28,6,24,74,21,0,2,1,0,0,0
1626,0,91,32,96,14,73,0,2,1,1,0,0
1627,59,92,53,94,22,99,0,2,1,1,0,0
1628,28,26,50,89,14,22,0,2,1,1,0,0
1629,51,54,38,48,46,11,0,2,1,1,0,0
1630,69,65,1,47,52,86,0,2,2,1,0,0
1631,42,89,54,10,30,87,0,2,2,1,0,0
1632,31,22,67,67,98,36,0,2,2,1,0,0
1633,52,26,50,46,48,91,1,2,2,1,0,1
1634,15,4,93,99,96,48,1,2,2,1,0,1
1635,72,90,78,47,49,16,1,2,2,1,0,1
1636,58,79,54,3,90,2,1,2,2,1,0,1
1637,27,30,67,8,14,37,1,2,2,1,0,1
1638,65,91,65,78,46,21,1,2,2,1,0,1
1639,63,0,0,25,35,9,1,2,2,1,0,1
1640,92,92,25,24,49,76,1,2,2,1,0,1
1641,74,5,37,62,36,17,1,2,2,1,0,1
1642,75,40,76,22,21,51,1,2,2,1,0,1
1643,34,1,92,51,22,68,1,2,2,1,0,1
1644,38,3,88,47,35,76,1,2,2,1,0,1
1645,33,17,15,76,66,77,1,2,2,1,0,1
1646,14,1,1,59,46,64,1,2,2,1,0,1
1647,81,32,21,0,11,41,1,2,2,1,0,1
1648,16,56,31,45,14,74,1,2,2,1,0,1
1649,37,31,37,24,20,52,1,2,2,1,0,1
1650,1,16,0,19,10,49,1,2,2,1,0,2
1651,93,26,31,9,65,4,1,2,2,1,0,2
1652,6,29,85,4,73,92,1,2,2,1,0,2
1653,43,90,67,8,97,72,1,2,2,1,0,2
1654,44,36,20,57,53,8,1,2,2,1,0,2
1655,73,24,19,18,4,38,1,2,2,1,0,2
1656,67,74,80,74,26,86,1,2,2,1,0,2
1657,20,70,10,34,48,19,1,2,2,1,0,2
1658,55,27,43,0,70,81,1,2,2,1,0,2
1659,63,33,15,6,88,88,1,2,2,1,1,2
1660,12,64,58,33,93,57,1,2,2,1,1,2
1661,4,98,33,34,51,80,0,2,2,1,1,2
1662,42,64,23,88,36,69,0,1,2,1,1,2
1663,27,24,49,20,91,98,0,1,2,1,1,2
1664,79,50,46,49,2,96,0,1,2,1,1,2
1665,46,68,93,67,37,12,0,1,1,1,1,2
1666,71,91,41,38,59,23,0,1,1,1,1,1
1667,0,98,26,54,68,17,0,1,1,1,1,1
1668,44,20,19,50,20,76,0,1,1,1,1,1
1669,77,50,31,21,88,74,0,1,1,1,1,1
1670,3,24,54,69,55,50,0,1,1,1,1,1
1671,32,10,48,84,27,15,0,1,1,1,1,1
1672,48,4,32,30,59,90,0,1,1,1,1,1
1673,81,48,71,71,1,31,0,1,1,1,1,1
1674,78,32,77,65,9,56,0,1,1,1,1,1
1675,19,96,49,67,66,11,0,1,1,1,1,1
1676,81,10,53,22,25,57,0,1,1,1,1,1
1677,51,72,78,62,27,17,0,1,1,1,1,1
1678,58,7,14,22,14,31,0,1,1,1,1,1
1679,60,88,98,32,5,84,0,1,1,1,1,1
1680,81,17,45,14,98,63,0,1,1,1,1,1
1681,21,20,0,70,32,27,0,1,1,1,1,1
1682,75,6,61,26,19,14,0,1,1,1,1,1
1683,8,5,82,4,76,18,0,1,1,1,1,1
1684,70,39,84,78,75,4,0,0,1,1,1,1
1685,7,93,15,8,89,55,0,0,1,1,1,1
1686,43,24,61,64,4,50,0,0,1,1,1,1
1687,90,26,11,72,40,58,0,0,1,1,0,1
1688,0,41,91,85,21,77,0,0,1,2,0,1
1689,4,72,75,68,57,87,0,0,1,2,0,1
1690,54,57,81,82,12,95,0,0,1,2,0,1
1691,80,36,1,70,41,65,0,0,1,2,0,1
1692,50,43,13,28,19,44,0,0,1,2,0,1
1693,95,46,76,62,82,93,0,0,1,2,0,1
1694,83,88,96,85,62,64,0,0,1,2,0,1
1695,88,73,97,37,75,31,0,0,1,2,0,1
1696,36,90,20,32,97,26,0,0,1,2,0,1
1697,6,44,67,10,40,5,0,0,1,2,0,1
1698,7,19,19,99,74,59,0,0,1,2,0,1
1699,99,73,97,56,86,78,0,0,1,2,0,1
1700,88,14,50,79,79,42,0,1,1,2,0,1
1701,50,88,72,62,56,1,0,1,1,2,0,1
1702,47,36,2,43,17,23,0,1,1,2,0,1
1703,30,64,73,36,18,9,0,1,1,2,0,1
1704,75,2,59,82,44,72,0,1,1,2,0,1
1705,74,52,1,6,69,19,0,1,1,2,0,1
1706,3,75,25,54,47,25,0,1,1,2,0,1
1707,45,64,46,29,42,8,0,1,1,2,0,1
1708,51,48,42,80,25,82,0,1,1,2,0,1
1709,27,71,79,45,58,22,0,1,1,2,0,1
1710,86,43,11,3,39,11,0,1,1,2,0,1
1711,67,74,52,48,16,35,0,1,1,2,0,1
1712,92,72,91,96,6,6,0,1,0,2,0,1
1713,21,33,88,95,97,66,0,1,0,1,0,1
1714,42,45,3,45,58,36,0,1,0,1,0,1
1715,63,88,27,65,12,15,0,1,0,1,0,1
1716,54,62,41,26,42,63,0,1,0,1,0,1
1717,33,95,27,54,99,83,0,1,0,1,0,1
1718,53,6,20,99,76,81,0,1,0,1,0,1
1719,78,62,73,22,55,13,0,1,0,1,0,1
1720,30,43,90,87,23,3,2,1,0,1,0,1
1721,54,51,9,5,19,19,2,1,0,1,0,1
1722,71,74,28,72,17,32,2,1,0,1,0,1
1723,36,18,5,5,24,17,2,1,0,1,0,1
1724,37,98,40,10,19,73,2,1,0,1,1,1
1725,33,74,91,14,61,16,2,1,0,1,1,1
1726,29,86,48,45,31,47,2,1,0,1,1,1
1727,92,69,81,16,93,94,2,1,0,1,1,1
1728,8,32,72,84,82,38,2,1,0,1,1,1
1729,28,20,41,92,5,18,2,1,0,1,1,1
1730,11,58,51,18,41,61,2,1,0,1,1,1
1731,60,95,98,71,23,90,2,1,0,1,1,1
1732,61,16,7,74,95,29,2,1,0,1,1,1
1733,74,22,18,56,61,35,2,1,0,1,1,1
1734,37,11,66,91,60,44,2,1,0,1,1,1
1735,99,26,99,69,40,81,2,1,0,1,1,1
1736,57,96,0,11,1,35,2,1,0,1,1,1
1737,86,58,25,81,53,39,2,1,0,1,1,1
1738,9,17,53,24,94,24,2,1,0,1,1,1
1739,10,71,12,41,34,75,2,1,0,1,1,1
1740,66,81,69,98,13,70,2,1,0,1,1,0
1741,49,60,61,46,30,35,2,2,0,1,1,0
1742,78,0,4,5,15,41,2,2,0,1,1,0
1743,59,15,81,17,52,76,2,2,0,1,1,0
1744,2,0,63,4,41,7,2,2,0,1,1,0
1745,17,63,14,27,91,20,2,2,0,1,1,0
1746,18,52,59,93,78,9,2,2,0,1,1,0
1747,7,8,70,58,43,19,2,2,0,1,1,0
1748,73,58,64,37,17,57,2,2,0,1,1,0
1749,44,63,49,69,90,37,2,2,0,1,1,0
1750,61,54,55,38,32,30,1,2,0,1,1,0
1751,55,46,68,67,21,41,1,2,0,1,1,0
1752,17,43,9,87,74,23,1,2,0,1,1,0
1753,61,17,17,41,1,0,1,2,0,1,1,0
1754,75,14,46,45,61,73,1,2,0,1,1,0
1755,20,36,98,19,6,15,1,2,0,1,1,0
1756,87,34,94,69,86,50,1,2,0,1,1,0
1757,1,59,48,41,93,47,1,2,0,1,1,0
1758,32,20,7,53,86,21,1,2,0,1,1,0
1759,11,81,62,76,15,90,1,2,0,1,1,0
1760,87,42,72,53,17,47,1,2,0,1,1,0
1761,65,43,61,48,74,86,1,2,0,1,1,0
1762,86,59,16,42,67,95,1,2,0,1,1,0
1763,63,16,38,86,71,27,1,2,0,1,1,0
1764,19,53,10,8,46,90,1,2,0,1,0,0
1765,54,94,87,64,70,28,1,2,0,1,0,0
1766,99,78,46,21,51,83,1,2,0,1,0,0
1767,4,9,11,63,28,82,1,2,0,1,0,0
1768,59,71,24,23,72,96,1,2,1,1,0,0
1769,60,26,50,30,80,79,1,2,1,1,0,0
1770,42,16,66,25,42,69,1,1,1,1,0,0
1771,90,31,50,43,67,49,1,1,1,1,0,0
1772,18,85,79,19,44,86,1,1,1,1,0,0
1773,94,72,7,31,55,87,1,1,1,1,0,0
1774,21,97,28,44,60,10,1,1,1,0,0,0
1775,25,57,33,46,74,49,1,1,1,0,0,0
1776,49,15,4,34,10,17,1,1,1,0,0,0
1777,10,1,91,28,18,27,1,1,1,0,0,0
1778,65,2,27,5,33,55,1,1,1,0,0,0
1779,21,56,59,74,82,97,1,1,1,0,0,0
1780,57,10,2,62,79,47,1,1,1,0,0,0
1781,77,23,70,45,93,37,1,1,1,0,0,0
1782,60,12,65,17,43,25,1,1,1,0,0,0
1783,90,31,15,5,6,89,1,1,1,0,0,0
1784,49,97,43,65,32,57,1,1,1,0,0,0
1785,78,84,64,94,2,52,1,1,1,0,0,0
1786,97,97,58,39,84,93,1,1,1,0,0,0
1787,75,4,14,35,94,69,1,1,1,0,0,0
1788,78,81,45,8,89,73,1,1,1,0,0,0
1789,35,97,90,41,60,55,1,1,1,0,0,0
1790,10,11,55,78,87,18,1,1,1,0,0,0
1791,45,43,47,10,40,58,1,2,1,0,0,0
1792,17,31,5,9,74,90,1,2,1,0,0,0
1793,14,84,20,52,93,28,1,2,1,0,0,0
1794,91,32,99,35,80,86,1,2,1,0,0,0
1795,35,77,63,83,54,17,1,2,1,0,0,0
1796,61,58,65,46,45,42,1,2,1,0,0,0
1797,63,29,4,62,75,38,1,2,0,0,0,0
1798,0,27,87,89,45,7,1,2,0,0,0,0
1799,48,55,80,35,12,9,1,2,0,0,0,0
1800,67,61,0,81,13,72,1,2,0,0,0,0
1801,27,5,18,63,18,73,1,2,0,0,0,0
1802,97,45,5,6,4,67,1,2,0,0,0,0
1803,85,3,39,74,76,41,1,2,0,0,0,0
1804,88,90,40,65,15,65,1,2,0,0,0,0
1805,60,89,39,28,26,6,1,2,0,0,0,2
1806,40,24,21,83,49,98,1,2,0,0,0,2
1807,54,23,3,68,24,60,1,2,0,0,0,2
1808,17,34,48,72,65,37,1,2,0,0,0,2
1809,96,15,51,41,4,97,1,2,0,0,0,2
1810,0,4,84,3,49,69,0,2,0,0,0,2
1811,69,92,50,15,5,10,0,2,0,0,0,2
1812,79,35,2,3,80,37,0,2,0,1,0,2
1813,69,97,8,5,31,99,0,2,0,1,0,2
1814,3,56,20,3,37,71,0,2,0,1,0,2
1815,54,10,55,76,60,50,0,2,0,1,0,2
1816,45,43,48,17,15,55,0,2,0,1,0,2
1817,43,50,54,16,86,30,0,2,0,1,1,2
1818,96,34,44,18,3,73,0,2,0,1,1,2
1819,85,82,30,96,15,43,0,2,0,1,1,2
1820,12,31,39,66,96,76,0,2,0,1,1,0
1821,76,64,52,54,16,11,0,2,0,1,1,0
1822,43,97,95,38,29,95,0,2,0,1,1,0
1823,61,74,69,28,4,44,0,2,0,1,1,0
1824,11,21,77,57,2,27,0,2,0,1,1,0
1825,76,83,72,86,19,13,0,2,0,1,1,0
1826,4,61,35,90,69,30,0,2,0,1,1,0
1827,64,44,84,23,27,57,0,2,0,1,1,0
1828,46,8,64,39,57,77,0,2,0,1,1,0
1829,59,41,8,10,86,86,0,2,0,1,1,0
1830,3,78,76,31,5,73,0,2,0,1,1,0
1831,77,50,67,13,33,6,0,2,0,1,1,0
1832,58,10,16,87,94,4,0,2,0,1,1,0
1833,19,62,73,77,41,66,0,2,1,1,1,0
1834,58,21,54,80,34,67,0,2,1,1,1,0
1835,4,7,99,63,52,77,0,1,1,1,1,0
1836,7,47,38,68,50,9,0,1,1,1,1,0
1837,17,23,44,44,54,52,0,1,1,1,1,0
1838,22,70,82,42,46,50,0,1,1,1,1,0
1839,85,61,51,24,9,16,0,1,1,1,1,0
1840,79,11,36,61,64,82,0,1,1,1,1,0
1841,11,47,67,13,15,10,0,1,1,1,1,0
1842,52,42,6,86,91,34,0,1,1,1,1,0
1843,98,30,72,96,80,53,0,1,1,1,1,0
1844,70,60,41,29,2,32,0,1,1,1,1,0
1845,7,11,47,80,15,37,0,1,1,1,1,0
1846,63,62,67,36,8,64,0,1,1,1,1,0
1847,64,43,72,97,50,23,0,1,1,1,1,0
1848,73,34,34,90,61,36,0,1,1,1,1,0
1849,35,50,35,69,83,31,0,1,1,1,1,0
1850,6,82,43,25,10,89,0,1,1,1,1,0
1851,83,70,73,60,74,24,0,1,1,1,1,0
1852,97,69,22,38,42,74,0,1,1,1,1,0
1853,49,70,1,32,87,60,0,1,1,1,1,0
1854,94,55,19,13,10,11,0,1,1,1,1,0
1855,37,49,60,16,4,31,0,1,1,1,1,0
1856,33,38,22,17,35,82,0,1,1,1,1,0
1857,56,95,49,26,39,79,0,1,1,1,1,0
1858,23,23,46,13,69,60,0,1,1,1,1,0
1859,40,34,82,48,86,11,0,1,1,1,1,0
1860,30,83,0,15,9,42,0,1,1,1,1,0
1861,61,7,65,73,92,57,0,1,1,1,1,0
1862,63,80,1,74,58,67,0,1,1,1,1,0
1863,98,65,87,97,1,13,0,1,1,1,0,0
1864,70,30,90,10,81,37,0,1,1,1,0,1
1865,46,38,24,23,12,94,2,1,1,1,0,1
1866,3,16,11,83,58,92,2,1,1,1,0,1
1867,74,82,98,50,55,46,2,1,1,1,0,1
1868,81,1,48,49,20,34,2,1,1,1,0,1
1869,50,96,11,35,10,84,2,1,1,1,0,1
1870,60,95,24,7,78,69,2,1,1,1,0,1
1871,7,27,43,59,31,20,2,1,1,1,0,1
1872,98,0,20,49,34,2,2,1,1,1,0,1
1873,67,89,85,98,72,26,2,1,1,1,0,1
1874,3,23,79,38,24,83,2,1,1,1,0,1
1875,67,92,84,90,59,87,2,1,1,1,0,1
1876,78,99,13,16,14,52,2,1,1,1,0,1
1877,71,71,65,4,68,70,2,1,1,1,0,1
1878,84,26,62,29,28,74,2,1,1,1,0,1
1879,98,76,51,28,4,50,2,1,1,1,0,1
1880,64,39,86,79,85,91,2,1,1,0,0,1
1881,87,94,21,28,21,43,2,1,1,0,0,1
1882,5,32,51,25,12,48,2,1,1,0,0,1
1883,99,0,2,39,90,20,0,1,1,0,0,1
1884,16,50,72,47,17,58,0,1,1,0,0,1
1885,48,62,42,38,6,2,0,1,1,0,0,1
1886,31,70,60,55,76,87,0,1,1,0,0,1
1887,77,57,93,10,45,5,0,1,1,0,0,1
1888,38,92,98,32,48,80,0,1,1,0,0,1
1889,59,45,26,48,0,14,0,1,1,0,0,1
1890,10,81,61,78,15,3,0,1,1,0,0,1
1891,38,7,33,58,62,82,0,2,2,0,0,1
1892,87,41,24,30,70,69,0,2,2,0,2,1
1893,59,85,98,83,43,3,0,2,2,0,2,1
1894,81,66,36,98,75,10,0,2,2,0,2,1
1895,75,48,87,51,73,11,0,2,2,0,2,1
1896,34,83,47,85,79,13,0,2,2,0,2,1
1897,93,84,48,34,69,86,0,2,2,0,2,1
1898,35,2,22,81,25,74,0,2,2,0,2,1
1899,29,99,53,93,72,3,0,2,2,0,2,1
1900,77,17,43,26,51,42,0,2,2,0,2,1
1901,63,99,11,95,26,7,0,2,2,0,2,1
1902,9,17,28,96,31,97,0,2,2,0,2,1
1903,90,40,74,48,80,15,0,2,2,0,2,1
1904,79,77,68,85,12,27,0,2,2,0,2,1
1905,52,4,3,12,17,51,0,2,2,0,2,1
1906,15,76,0,80,10,58,0,2,2,0,2,1
1907,28,42,3,21,43,95,0,2,2,0,2,1
1908,53,84,57,96,84,26,0,1,2,0,2,1
1909,36,1,63,12,41,95,0,1,2,0,2,1
1910,30,77,80,7,46,8,0,1,2,0,2,1
1911,81,28,41,98,43,79,0,1,2,0,2,1
1912,97,48,85,23,44,29,0,1,2,0,2,1
1913,36,67,69,3,32,68,0,1,2,0,2,1
1914,55,46,39,54,58,36,0,1,2,0,2,1
1915,50,82,10,12,86,77,0,1,2,0,2,1
1916,43,63,71,62,10,24,0,1,2,0,2,1
1917,74,17,51,38,40,76,0,1,0,0,2,1
1918,96,73,23,93,3,86,0,1,0,0,2,1
1919,70,25,57,58,39,10,0,1,0,0,2,1
1920,48,40,53,98,51,83,0,1,0,0,2,1
1921,94,89,26,37,16,33,0,1,0,0,2,1
1922,23,99,85,4,74,2,0,1,0,0,2,1
1923,49,33,35,53,41,74,0,1,0,0,2,1
1924,84,8,70,22,9,5,0,1,0,0,2,1
1925,63,26,24,1,83,95,0,1,0,0,2,1
1926,69,35,97,30,14,92,0,1,0,0,2,1
1927,9,5,51,85,51,81,0,1,0,0,2,1
1928,6,79,67,5,86,8,0,1,0,0,0,1
1929,11,91,43,54,29,53,1,1,0,0,0,1
1930,27,56,34,96,11,13,1,1,0,0,0,1
1931,16,43,25,36,55,73,1,1,0,0,0,1
1932,59,29,0,93,4,49,1,1,0,0,0,1
1933,78,51,75,16,57,88,1,1,0,0,0,1
1934,57,69,45,56,76,91,1,1,0,0,0,1
1935,1,56,49,76,54,83,1,1,0,0,0,1
1936,66,49,83,7,10,95,1,1,0,0,0,1
1937,58,38,57,91,56,33,1,1,0,0,0,1
1938,80,18,95,78,40,83,1,0,0,0,0,1
1939,33,71,92,70,67,84,1,0,0,0,0,2
1940,67,14,49,78,16,3,1,0,0,0,0,2
1941,89,53,1,33,83,19,1,0,0,0,0,2
1942,64,99,81,69,33,28,1,0,0,0,0,2
1943,67,33,72,87,1,6,1,0,0,0,0,2
1944,58,19,11,24,22,55,1,0,0,0,0,2
1945,89,4,54,40,32,91,1,0,0,0,0,2
1946,42,28,76,55,44,81,1,0,0,0,0,2
1947,45,20,15,40,22,2,1,0,0,0,0,2
1948,99,74,1,93,28,78,1,0,0,0,0,2
1949,27,39,95,0,46,5,1,0,0,0,0,2
1950,69,16,24,80,90,69,1,0,0,0,0,2
1951,90,78,4,71,22,54,1,0,0,0,0,2
1952,2,63,34,77,43,46,1,0,0,0,0,2
1953,52,87,50,57,6,93,1,0,0,0,0,2
1954,10,16,28,2,42,32,1,0,0,0,0,2
1955,58,10,94,95,87,92,1,1,0,1,0,2
1956,94,77,30,66,52,14,1,1,0,1,0,2
1957,72,58,44,58,5,32,1,1,0,1,0,2
1958,6,24,67,56,96,94,1,1,0,1,0,2
1959,82,80,13,60,91,28,1,1,0,1,0,2
1960,87,39,53,62,83,97,1,1,0,1,0,2
1961,24,43,38,35,63,93,1,1,0,1,0,2
1962,71,98,37,74,67,78,1,1,0,1,0,2
1963,78,50,57,22,53,2,1,1,0,1,0,2
1964,63,2,60,13,93,58,1,1,0,1,0,2
1965,15,73,35,1,61,3,1,1,0,1,0,2
1966,82,5,43,80,0,82,1,1,1,1,0,2
1967,70,4,9,43,66,18,1,1,1,1,0,2
1968,15,88,70,59,37,92,1,1,1,1,0,2
1969,40,46,40,92,2,0,1,1,1,1,0,2
1970,87,59,0,95,60,60,1,1,1,1,0,2
1971,85,76,65,58,13,54,1,1,1,1,0,2
1972,2,77,32,63,12,94,1,1,1,1,0,2
1973,73,7,67,37,35,21,1,1,1,1,0,2
1974,88,12,0,86,60,96,1,1,1,1,0,2
1975,24,52,51,53,63,31,1,1,1,1,0,2
1976,94,97,37,75,71,6,1,1,1,1,0,2
1977,88,88,41,97,35,4,1,1,1,1,0,2
1978,62,15,85,57,49,54,1,1,1,0,0,2
1979,68,6,55,83,48,60,1,1,1,0,0,2
1980,96,30,42,76,72,51,1,1,1,0,0,2
1981,27,49,28,66,73,16,1,1,1,0,0,2
1982,60,20,50,22,20,7,1,1,1,0,1,2
1983,9,92,42,23,6,87,1,1,1,0,1,2
1984,56,5,36,5,24,35,1,1,1,0,1,2
1985,72,46,43,22,79,12,1,1,1,0,1,0
1986,30,20,33,72,49,80,0,1,1,0,1,0
1987,60,27,31,24,32,86,0,1,1,0,1,0
1988,93,3,77,33,70,38,0,1,1,0,1,0
1989,6,4,35,10,47,27,0,1,1,0,1,0
1990,55,38,96,36,73,75,0,1,1,0,1,0
1991,65,45,81,5,71,41,0,1,1,0,1,0
1992,31,46,62,80,48,96,0,1,1,0,1,0
1993,43,0,0,93,31,4,0,1,1,0,1,0
1994,49,1,5,12,96,54,0,1,1,0,1,0
1995,23,90,33,62,31,93,0,1,1,0,1,0
1996,11,26,66,87,94,77,0,1,1,1,1,0
1997,30,37,68,38,95,7,0,1,1,1,1,0
1998,92,64,4,65,66,78,0,1,1,1,1,0
1999,1,45,23,51,70,54,0,1,1,1,1,0
2000,12,29,79,16,59,71,0,1,1,1,1,0
2001,82,26,31,12,96,51,0,1,1,1,1,0
2002,46,16,67,47,68,91,0,1,1,1,1,0
2003,2,50,68,23,41,61,0,1,1,1,1,0
2004,65,29,91,82,56,99,0,1,1,1,1,0
2005,15,96,46,40,57,85,0,1,1,1,1,0
2006,5,99,13,76,8,67,0,1,1,1,1,0
2007,40,51,42,96,84,6,0,1,1,1,1,0
2008,98,15,79,43,9,94,0,1,1,1,1,0
2009,24,7,83,31,8,43,0,1,1,1,1,0
2010,3,85,81,44,93,38,0,1,1,1,1,0
2011,72,77,14,4,3,60,0,1,1,1,1,0
2012,39,52,43,44,0,16,0,1,1,1,2,0
2013,33,44,36,79,34,33,0,1,1,1,2,2
2014,38,11,13,76,50,67,0,1,1,1,2,2
2015,63,92,55,42,30,68,0,1,1,1,2,2
2016,24,79,99,60,75,15,0,1,1,1,2,2
2017,25,66,92,76,42,84,0,1,1,1,2,2
2018,48,92,64,40,3,68,0,1,1,1,2,2
2019,2,19,79,5,72,13,0,1,0,1,2,2
2020,81,15,35,90,39,30,0,1,0,1,2,2
2021,60,25,7,76,54,39,0,1,0,1,2,2
2022,78,53,17,56,55,29,0,1,0,1,2,2
2023,54,38,14,11,19,34,0,1,0,1,2,2
2024,90,4,87,15,96,91,0,0,0,1,2,2
2025,12,41,10,26,98,9,0,0,0,1,2,2
2026,19,33,6,5,11,52,0,0,0,1,2,2
2027,26,39,98,47,23,49,0,0,0,1,2,2
2028,21,75,65,57,26,87,0,0,0,1,2,2
2029,24,86,24,42,55,72,0,0,0,1,2,2
2030,83,71,58,23,58,12,0,0,0,1,2,2
2031,4,70,75,57,54,10,0,0,0,1,2,2
2032,23,4,46,31,11,55,0,0,0,1,2,2
2033,11,50,16,40,71,20,0,0,0,1,2,0
2034,94,63,38,48,44,43,0,0,0,1,2,0
2035,76,88,4,8,92,90,0,0,0,1,2,0
2036,0,12,17,86,42,70,0,0,0,1,2,0
2037,5,88,9,68,76,6,0,0,0,1,2,0
2038,42,6,53,24,82,48,0,0,0,1,2,0
2039,59,40,71,69,80,53,0,0,0,1,2,0
2040,51,91,80,21,24,65,0,0,0,1,2,0
2041,31,66,18,32,48,83,0,0,0,1,2,0
2042,92,32,90,4,11,97,0,0,0,1,2,0
2043,71,14,47,80,4,69,0,0,0,1,2,0
2044,9,92,45,59,77,66,0,0,0,1,2,0
2045,37,26,37,32,9,27,0,0,0,1,2,0
2046,42,7,81,53,60,69,0,0,0,1,2,0
2047,3,20,0,22,90,20,0,0,0,1,2,0
2048,15,90,50,81,59,38,0,0,0,1,2,0
2049,22,49,42,60,64,72,0,0,0,1,2,0
2050,17,32,88,63,89,1,0,0,0,1,2,0
2051,32,98,9,32,17,77,0,0,0,1,2,0
2052,62,16,91,54,93,41,0,0,0,1,2,0
2053,59,70,19,39,90,84,0,0,0,1,2,0
2054,64,55,52,14,56,80,2,0,0,1,2,0
2055,10,22,12,98,38,24,2,0,0,1,2,0
2056,40,32,27,60,50,56,2,0,0,1,2,0
2057,55,56,91,46,27,50,2,0,0,1,0,0
2058,59,63,23,5,43,19,2,0,0,1,0,0
2059,85,56,62,22,16,99,2,0,0,1,0,0
2060,88,71,24,61,40,72,2,0,0,1,0,0
2061,8,99,68,65,46,83,2,0,0,1,0,0
2062,60,4,97,23,61,79,2,0,0,0,0,0
2063,82,63,19,70,85,97,2,0,0,0,0,0
2064,68,92,37,31,40,0,2,0,0,0,0,0
2065,26,57,51,74,79,79,2,0,0,0,0,0
2066,33,97,76,68,65,32,2,0,0,0,0,0
2067,8,86,89,36,42,22,2,0,0,0,0,0
2068,0,23,49,98,53,47,2,0,0,0,0,0
2069,72,88,61,87,48,98,2,0,0,0,0,0
2070,44,83,37,59,34,24,2,0,0,0,0,0
2071,49,74,63,24,64,68,2,0,1,0,0,0
2072,74,96,72,98,83,46,2,0,1,0,0,0
2073,21,18,91,51,74,49,2,0,1,0,0,0
2074,62,88,53,97,12,33,2,0,1,0,0,0
2075,18,43,57,26,35,25,2,0,1,0,0,0
2076,88,86,18,58,50,19,2,0,1,0,0,0
2077,44,32,37,92,40,36,2,0,1,0,0,0
2078,16,2,68,96,33,44,2,0,1,0,0,0
2079,60,5,49,72,16,12,2,0,1,0,0,0
2080,2,76,6,10,40,72,2,0,1,0,0,0
2081,94,4,69,64,46,45,2,0,1,0,0,0
2082,71,50,33,79,35,36,2,0,1,0,0,0
2083,32,49,14,30,16,75,2,0,1,0,0,0
2084,33,9,20,13,90,32,2,0,1,0,0,0
2085,48,53,96,94,61,8,0,1,1,0,0,0
2086,23,19,3,97,45,1,0,1,1,0,0,0
2087,18,80,54,85,96,11,0,1,1,0,0,0
2088,13,51,95,3,76,64,0,1,1,0,0,0
2089,76,91,13,70,23,4,0,1,1,0,0,0
2090,29,31,75,84,90,97,0,1,1,0,0,0
2091,68,61,97,64,54,53,0,1,1,0,0,0
2092,51,45,94,52,84,81,0,1,1,0,0,0
2093,95,26,12,47,15,82,0,1,1,0,0,1
2094,89,46,17,12,47,21,0,1,1,0,0,1
2095,0,84,57,90,98,15,0,1,1,0,0,1
2096,59,81,49,99,35,1,0,1,1,0,0,1
2097,78,48,87,68,83,4,0,1,1,0,0,1
2098,14,94,64,3,79,22,0,1,1,0,0,1
2099,66,63,93,85,88,38,0,1,1,0,0,1
2100,18,85,79,12,48,71,0,1,1,0,0,1
2101,54,92,91,80,22,52,0,1,1,0,0,1
2102,15,69,71,40,86,31,0,1,1,0,0,1
2103,93,7,10,97,23,78,0,1,1,0,0,1
2104,64,0,72,69,10,94,0,1,1,0,0,1
2105,73,10,4,93,57,40,0,1,1,0,0,1
2106,15,67,48,97,22,84,0,1,1,0,0,1
2107,98,56,8,88,79,26,0,1,1,0,0,1
2108,60,97,3,92,0,89,0,1,1,0,0,1
2109,20,73,74,39,6,78,0,1,1,0,0,1
2110,27,89,97,12,98,66,0,1,1,0,0,1
2111,44,22,42,93,38,21,0,1,1,0,0,1
2112,36,67,1,76,43,79,0,1,1,0,0,1
2113,35,42,46,93,72,71,0,1,1,0,0,1
2114,48,53,77,8,3,54,0,1,1,0,0,1
2115,96,43,42,40,81,23,0,1,1,0,0,1
2116,70,27,1,38,63,63,0,1,1,0,0,1
2117,96,33,58,20,69,56,0,1,1,0,0,1
2118,38,40,46,69,18,74,0,1,1,0,0,1
2119,75,99,4,44,78,24,0,1,1,0,1,1
2120,63,15,61,33,92,31,0,1,1,0,1,1
2121,17,52,48,21,74,82,0,1,1,0,1,1
2122,91,67,89,97,76,87,0,1,1,1,1,1
2123,94,44,71,96,78,83,0,1,1,1,1,1
2124,23,65,20,76,34,36,0,1,1,1,1,1
2125,3,77,22,56,90,25,0,1,1,1,1,1
2126,99,96,98,25,65,59,0,1,1,1,1,1
2127,75,81,71,64,16,97,0,1,1,1,1,1
2128,76,77,2,21,31,47,0,1,1,1,1,1
2129,69,0,91,76,23,20,0,1,1,1,1,1
2130,73,48,77,11,24,92,0,1,1,1,1,0
2131,58,94,51,87,63,82,0,1,1,1,1,0
2132,29,29,26,65,96,75,0,1,0,1,1,0
2133,98,59,66,28,58,82,0,1,0,1,1,0
2134,27,48,70,90,8,25,1,1,0,1,1,0
2135,42,90,91,65,15,86,1,1,0,1,1,0
2136,97,25,24,12,5,83,1,1,0,1,1,0
2137,81,11,59,43,82,25,1,1,0,1,1,0
2138,78,67,19,17,74,84,1,1,0,1,1,0
2139,39,96,3,26,71,97,1,1,0,1,1,0
2140,84,11,49,39,91,11,1,1,0,1,1,0
2141,99,91,86,64,50,23,1,1,0,1,1,0
2142,51,13,72,35,58,79,1,1,0,1,1,0
2143,23,2,98,41,26,77,1,1,0,1,1,0
2144,60,92,94,45,84,34,1,1,0,1,1,0
2145,91,47,56,90,25,99,1,1,0,1,1,0
2146,21,44,10,1,94,47,1,1,0,1,1,0
2147,91,1,2,88,7,61,1,1,0,1,1,0
2148,60,62,19,5,29,72,1,0,0,1,1,0
2149,43,96,62,51,17,97,1,0,2,1,1,0
2150,66,73,38,54,37,89,1,0,2,1,1,0
2151,61,30,18,31,36,86,1,0,2,1,1,0
2152,36,60,78,75,66,42,1,0,2,1,1,0
2153,24,21,25,27,64,0,1,0,2,1,1,0
2154,42,60,41,11,14,86,1,0,2,1,1,0
2155,23,43,71,97,13,36,1,0,2,1,1,0
2156,78,28,13,5,0,96,1,0,2,1,1,0
2157,9,26,10,11,45,81,1,0,2,1,1,0
2158,0,56,5,34,68,77,1,0,2,1,1,0
2159,64,64,18,58,12,0,1,0,2,1,1,0
2160,17,23,79,79,69,97,1,0,2,1,1,0
2161,59,4,71,50,63,60,1,0,2,1,1,0
2162,95,98,29,29,5,69,1,0,2,1,1,0
2163,42,38,26,13,68,46,1,0,2,1,1,0
2164,50,77,98,9,90,39,1,0,2,1,1,0
2165,17,76,80,44,77,58,1,0,2,1,1,0
2166,67,88,34,54,39,59,1,0,2,1,1,0
2167,41,53,25,71,66,66,1,0,2,1,1,0
2168,20,71,84,43,29,13,1,0,2,1,1,0
2169,32,30,44,97,20,70,1,0,2,1,1,0
2170,98,31,19,98,96,14,1,0,2,1,1,0
2171,82,8,37,53,66,62,1,0,2,1,1,0
2172,70,11,32,85,56,69,1,0,2,1,1,0
2173,6,66,33,8,15,70,1,0,2,1,1,0
2174,91,32,15,62,6,55,1,0,2,1,1,0
2175,45,82,47,47,33,10,1,0,2,1,1,0
2176,43,52,22,0,14,88,1,0,2,1,1,0
2177,67,83,25,58,60,31,1,0,2,1,1,0
2178,45,90,29,2,14,84,1,0,2,1,1,0
2179,5,99,31,53,1,69,1,0,2,1,0,0
2180,78,49,80,13,66,24,1,0,2,1,0,0
2181,94,59,59,47,46,9,1,0,2,1,0,0
2182,17,91,30,79,23,25,1,0,2,1,0,0
2183,54,84,69,16,61,2,1,0,2,1,0,0
2184,97,39,93,20,88,82,1,0,2,1,0,0
2185,7,46,5,19,35,76,1,0,2,1,0,0
2186,38,95,48,18,69,50,1,0,2,1,0,0
2187,86,93,60,56,57,66,1,0,2,1,0,0
2188,30,99,41,34,66,60,1,0,2,1,0,0
2189,24,61,94,30,48,33,1,0,2,1,0,0
2190,86,67,89,11,44,67,1,0,2,1,0,0
2191,8,40,78,34,43,19,1,0,2,1,0,0
2192,56,80,69,28,71,54,1,0,2,2,0,0
2193,19,83,21,14,50,22,1,0,2,2,0,0
2194,29,40,36,93,40,91,1,0,2,2,0,0
2195,62,28,77,28,17,53,1,0,2,2,0,0
2196,94,21,43,66,15,68,1,0,2,2,1,0
2197,43,45,66,81,90,16,1,0,2,2,1,0
2198,48,31,1,36,92,73,1,0,2,2,1,0
2199,6,14,23,99,34,53,1,0,2,2,1,0
2200,52,37,28,76,7,60,2,0,2,2,1,0
2201,22,75,57,43,33,93,2,0,2,2,1,0
2202,46,95,12,9,50,18,2,0,2,2,1,0
2203,64,26,43,74,32,6,2,0,2,2,1,0
2204,34,64,46,49,30,46,2,0,2,2,1,2
2205,66,76,13,20,44,9,2,0,2,2,1,2
2206,43,68,29,28,37,23,2,0,2,2,1,2
2207,36,37,28,66,63,42,2,0,0,2,1,2
2208,67,35,88,19,1,32,2,0,0,2,1,2
2209,38,89,86,61,77,43,2,0,0,2,1,2
2210,14,1,65,86,1,67,2,0,0,2,1,2
2211,16,55,50,54,7,56,2,0,0,2,1,2
2212,84,82,12,65,25,80,2,0,0,2,1,2
2213,92,90,85,72,54,46,2,0,0,2,1,2
2214,96,10,10,31,97,71,2,1,0,2,1,2
2215,73,86,18,85,37,14,2,1,0,2,1,2
2216,58,75,66,11,48,12,2,1,0,2,1,2
2217,11,45,2,58,53,1,2,1,0,2,1,2
2218,56,86,15,72,54,7,2,1,0,2,1,2
2219,65,60,86,6,80,49,2,1,0,2,1,2
2220,16,24,27,9,30,15,2,1,0,2,1,0
2221,69,56,83,47,79,60,2,1,0,2,1,0
2222,64,75,75,6,55,65,2,1,0,2,1,0
2223,97,94,84,73,34,66,2,1,0,2,1,0
2224,25,86,57,74,29,60,2,1,0,1,1,0
2225,1,79,44,72,83,88,2,1,0,1,1,0
2226,36,75,15,89,81,9,2,1,0,1,1,0
2227,59,82,87,54,70,12,2,1,0,1,1,0
2228,23,6,9,78,92,18,2,1,0,1,1,0
2229,18,77,90,65,30,74,2,1,0,1,1,0
2230,41,94,11,70,24,22,1,1,0,1,1,0
2231,67,44,50,95,46,28,1,1,0,1,1,0
2232,60,68,31,85,24,99,1,1,0,1,2,0
2233,22,16,92,83,96,0,1,1,0,1,2,0
2234,11,29,33,39,18,63,1,1,0,1,2,0
2235,60,94,80,57,17,94,1,1,0,1,2,0
2236,4,39,67,92,83,84,1,1,0,1,2,0
2237,34,0,30,86,35,2,1,1,0,1,2,0
2238,43,30,95,26,88,47,1,1,0,1,2,0
2239,78,26,19,2,26,35,1,1,0,1,2,0
2240,19,88,98,78,42,22,1,1,0,1,2,0
2241,59,62,55,40,34,88,1,1,0,1,2,0
2242,6,22,25,6,78,70,1,1,0,1,2,0
2243,78,23,14,40,61,88,1,1,0,1,2,0
2244,13,94,61,55,62,55,1,1,0,1,2,0
2245,37,99,67,12,72,51,1,1,0,1,2,0
2246,93,39,66,3,69,48,1,1,0,1,2,0
2247,22,25,12,22,42,12,1,1,0,1,2,0
2248,31,30,72,25,97,66,1,1,0,1,2,0
2249,97,41,15,81,1,77,1,1,0,1,2,0
2250,19,15,24,99,59,41,1,1,0,1,2,0
2251,51,94,14,40,0,56,0,1,0,1,2,0
2252,4,72,95,75,34,47,0,1,0,1,2,0
2253,44,68,45,15,92,48,0,1,2,1,2,0
2254,64,62,23,97,63,12,0,0,2,1,2,0
2255,21,96,32,70,17,15,0,0,2,1,2,0
2256,53,21,37,85,55,21,0,0,2,1,2,0
2257,88,19,55,59,11,9,0,0,2,1,2,0
2258,86,63,64,80,25,98,0,0,2,1,2,0
2259,14,79,23,0,94,83,0,0,2,1,2,0
2260,83,48,2,51,50,26,0,0,2,1,2,0
2261,98,84,51,38,92,7,0,0,2,1,2,0
2262,88,97,74,61,44,51,0,0,2,1,2,0
2263,70,61,80,77,22,62,0,0,2,1,2,2
2264,56,52,52,81,91,41,0,0,2,1,2,2
2265,15,94,64,6,79,65,0,0,2,1,2,2
2266,59,95,98,79,59,39,0,0,2,1,1,2
2267,65,79,75,18,82,18,0,0,2,1,1,2
2268,82,97,19,2,49,49,0,0,2,1,1,2
2269,36,53,47,96,16,51,0,0,2,1,1,2
2270,55,97,36,41,33,44,0,0,2,1,1,2
2271,7,50,29,52,37,20,0,0,2,1,1,2
2272,16,77,70,53,49,80,0,0,2,1,1,2
2273,87,0,99,37,28,4,0,0,2,1,1,2
2274,4,96,2,91,52,19,0,0,2,1,1,2
2275,76,5,16,79,42,16,0,0,2,1,1,2
2276,65,81,73,11,73,59,0,0,2,1,1,2
2277,18,3,96,42,69,52,0,0,2,1,1,2
2278,29,25,21,70,13,31,0,0,2,1,1,2
2279,69,42,22,14,89,19,0,0,2,1,1,2
2280,33,73,96,75,11,36,0,0,2,1,1,2
2281,87,20,32,43,14,60,0,0,2,1,1,2
2282,74,91,70,71,83,40,1,0,2,1,1,2
2283,83,9,52,64,74,24,1,0,2,1,1,2
2284,54,81,78,52,4,57,1,0,2,1,1,2
2285,45,66,59,16,10,77,1,0,2,1,1,2
2286,92,14,3,76,54,28,1,0,2,1,1,2
2287,96,60,70,69,25,13,1,0,2,1,1,2
2288,50,82,28,33,34,91,1,0,2,1,1,2
2289,80,88,99,23,40,95,1,0,2,1,1,2
2290,81,6,84,5,83,3,1,0,2,1,2,1
2291,18,90,39,69,76,41,1,0,2,1,2,1
2292,67,43,94,64,89,99,1,0,2,1,2,1
2293,40,9,52,77,25,95,1,0,2,2,2,1
2294,38,91,34,62,45,3,1,0,2,2,2,1
2295,17,18,21,91,83,94,1,0,2,2,2,1
2296,77,2,9,67,84,51,1,1,2,2,2,1
2297,23,78,94,55,38,30,1,1,2,2,2,1
2298,87,80,97,32,32,52,1,1,2,2,2,1
2299,54,29,26,21,97,49,1,1,2,2,2,1
2300,2,4,21,26,10,39,1,1,2,2,2,1
2301,20,5,49,46,6,86,1,1,2,2,2,1
2302,44,25,15,26,42,90,1,1,2,2,2,1
2303,4,99,17,58,91,82,1,1,2,2,2,1
2304,81,48,26,40,86,35,1,1,2,2,2,1
2305,71,38,96,17,93,83,1,1,2,2,2,1
2306,8,2,75,91,95,34,1,1,2,2,2,1
2307,98,78,9,79,92,50,1,1,2,2,2,1
2308,60,1,5,65,46,98,1,1,2,2,2,1
2309,59,24,33,70,36,38,1,1,2,2,2,1
2310,9,10,15,28,60,95,1,1,2,2,2,1
2311,3,50,33,49,67,32,0,1,2,2,2,1
2312,92,42,86,7,92,36,0,1,2,2,2,1
2313,68,0,51,29,73,81,0,1,2,2,2,1
2314,33,26,68,98,12,10,0,1,2,2,2,1
2315,24,72,58,48,70,30,0,1,2,2,2,1
2316,4,75,78,5,83,57,0,1,2,2,2,1
2317,42,33,60,89,80,33,0,1,2,2,2,1
2318,72,61,28,6,84,85,0,1,2,2,2,1
2319,48,10,84,84,55,21,0,1,2,2,2,1
2320,5,24,58,72,4,94,0,1,2,2,2,1
2321,35,50,50,22,72,73,0,1,2,2,2,1
2322,81,53,39,79,91,47,0,1,1,2,2,1
2323,3,65,84,36,96,42,0,1,1,2,2,1
2324,2,92,63,41,16,45,0,1,1,2,2,1
2325,13,68,51,95,76,85,0,1,1,2,2,1
2326,33,10,86,98,27,30,0,1,1,2,2,1
2327,9,93,59,13,88,15,0,1,1,2,2,1
2328,60,90,71,12,61,82,0,1,1,2,2,2
2329,11,63,42,40,4,0,0,1,1,2,2,2
2330,46,14,68,52,50,1,0,1,1,2,2,2
2331,30,4,39,19,35,48,0,1,1,2,2,2
2332,31,52,87,16,55,0,0,1,1,2,2,2
2333,64,37,58,30,9,19,0,1,1,2,2,2
2334,78,32,91,17,39,41,0,1,1,2,2,2
2335,38,68,81,54,31,72,0,1,1,2,2,2
2336,58,90,99,47,94,28,0,1,1,2,2,2
2337,99,3,52,89,96,98,0,1,1,2,2,2
2338,26,34,33,56,64,99,0,1,1,2,2,2
2339,29,85,81,77,52,59,0,1,1,2,2,2
2340,89,23,61,78,57,69,0,1,1,2,2,2
2341,93,46,75,48,93,71,0,1,1,2,2,2
2342,25,23,86,0,12,49,0,1,1,2,2,2
2343,62,85,0,80,72,76,0,1,0,2,2,2
2344,95,63,77,45,42,62,0,1,0,2,2,2
2345,44,73,86,13,6,37,0,1,0,0,1,2
2346,93,90,84,84,70,56,0,1,0,0,1,2
2347,51,28,98,1,31,59,0,1,0,0,1,2
2348,95,6,53,90,66,47,0,1,0,0,1,2
2349,49,31,48,95,83,12,0,1,0,0,1,2
2350,70,21,67,41,34,3,1,1,0,0,1,2
2351,18,45,18,22,39,60,1,1,0,0,1,2
2352,16,89,21,68,14,19,1,1,0,0,1,2
2353,68,12,94,59,82,55,1,1,0,0,1,2
2354,61,41,21,72,94,79,1,1,0,0,1,2
2355,52,58,11,47,71,81,1,1,0,0,1,2
2356,99,5,92,87,37,76,1,1,0,0,1,2
2357,14,84,33,47,62,33,1,1,0,0,1,2
2358,98,11,6,5,82,3,1,1,0,0,1,2
2359,6,1,45,51,36,68,1,1,0,0,1,2
2360,17,82,89,22,6,32,1,1,0,0,1,2
2361,19,27,91,34,75,92,1,1,0,0,1,2
2362,7,91,73,50,89,57,1,1,0,0,1,2
2363,77,71,58,6,12,47,1,2,0,0,1,2
2364,73,34,3,0,66,32,1,2,0,0,1,2
2365,52,28,43,57,22,53,1,2,0,0,1,2
2366,8,99,45,77,32,62,1,2,0,0,1,2
2367,25,79,56,38,79,50,1,2,0,0,1,2
2368,98,48,21,59,27,49,1,2,0,0,1,2
2369,62,55,80,94,34,92,1,2,0,0,1,2
2370,48,19,79,89,65,60,1,2,0,0,1,2
2371,82,79,61,32,63,53,1,2,0,0,1,2
2372,35,23,98,92,1,32,2,2,0,0,1,2
2373,10,13,73,50,34,45,2,2,0,0,1,2
2374,44,36,12,54,8,61,2,2,0,0,1,2
2375,33,69,32,63,50,82,2,2,0,0,1,2
2376,83,80,25,17,20,49,2,2,0,0,1,2
2377,43,32,85,75,92,67,2,2,0,0,1,2
2378,27,36,45,42,51,94,2,2,0,0,1,2
2379,83,10,18,87,60,57,2,2,0,0,1,2
2380,8,3,91,26,85,8,2,2,0,0,1,2
2381,96,67,51,14,32,71,2,2,0,0,1,2
2382,15,94,52,86,94,59,2,2,0,0,1,2
2383,57,15,81,52,19,48,2,2,0,0,1,2
2384,99,50,3,87,46,91,2,2,0,0,1,2
2385,90,42,86,75,43,35,2,2,0,0,1,2
2386,27,53,40,4,8,94,2,2,0,0,1,2
2387,32,42,0,53,69,33,2,2,0,0,1,2
2388,68,25,81,38,36,98,2,2,0,0,1,2
2389,12,40,8,74,74,19,2,2,0,0,2,2
2390,26,16,81,90,66,9,2,2,0,2,2,2
2391,63,18,14,4,6,19,2,2,0,2,2,2
2392,15,52,87,69,25,90,2,2,0,2,2,2
2393,9,21,66,68,8,95,2,2,0,2,2,2
2394,10,15,74,71,21,69,2,2,0,2,2,2
2395,74,6,47,77,6,38,2,2,0,2,2,2
2396,8,71,41,14,13,92,2,2,0,2,2,2
2397,62,70,93,39,95,93,2,2,0,2,2,2
2398,81,19,59,33,87,24,2,2,1,2,2,2
2399,9,54,35,73,11,51,2,2,1,2,2,2
2400,56,89,74,50,14,56,2,2,1,2,2,0
2401,33,38,2,28,67,71,2,2,1,2,2,0
2402,45,59,19,82,61,27,2,2,1,2,2,0
2403,66,87,63,84,72,1,2,2,1,2,2,0
2404,18,10,61,24,89,99,2,2,1,2,2,0
2405,85,93,43,84,71,62,2,2,1,2,2,0
2406,58,68,17,69,96,80,2,2,1,2,2,0
2407,47,10,53,97,30,54,2,2,1,2,2,0
2408,94,46,76,80,43,91,2,2,1,2,2,0
2409,35,34,28,14,85,94,2,2,1,2,2,0
2410,25,12,3,35,16,75,2,2,1,2,2,0
2411,97,13,17,78,87,8,2,2,1,2,2,0
2412,49,82,38,47,33,5,2,2,1,2,2,0
2413,47,83,57,14,27,87,2,2,1,2,2,0
2414,23,38,62,9,50,2,2,2,1,2,2,0
2415,78,67,44,76,68,16,2,2,1,2,1,0
2416,59,65,70,80,25,86,2,2,1,2,1,0
2417,21,46,65,3,23,12,2,2,1,2,1,0
2418,84,1,68,64,30,24,2,2,1,2,1,0
2419,61,85,36,84,80,81,2,2,1,1,1,0
2420,52,83,20,9,41,99,2,2,1,1,1,0
2421,91,0,97,99,69,42,2,2,1,1,1,0
2422,22,95,91,27,22,8,1,2,1,1,1,0
2423,24,25,35,40,25,91,1,2,1,1,1,0
2424,80,15,25,28,30,84,1,2,1,1,1,0
2425,29,26,83,50,4,75,1,2,1,1,1,0
2426,54,5,50,56,44,15,1,2,1,1,1,0
2427,13,75,80,49,29,46,1,2,1,1,1,0
2428,9,61,20,94,96,30,1,2,1,1,1,0
2429,15,12,59,6,99,52,1,2,1,1,1,0
2430,12,25,45,26,16,76,1,2,1,1,1,0
2431,40,20,97,15,32,31,1,2,1,1,1,0
2432,41,47,84,94,66,33,1,2,1,1,1,0
2433,9,49,65,71,74,63,1,2,1,1,1,0
2434,62,86,42,72,64,68,1,2,1,1,1,0
2435,26,72,37,97,48,91,1,2,1,1,1,0
2436,24,58,79,0,21,49,1,1,1,1,1,0
2437,21,82,80,61,57,76,1,1,1,1,0,0
2438,83,72,18,47,67,30,1,1,1,1,0,0
2439,34,36,60,88,97,50,1,1,1,1,0,0
2440,68,6,50,5,67,80,1,1,1,1,0,0
2441,24,98,93,46,77,21,1,1,1,1,0,0
2442,28,53,76,59,97,74,1,1,1,1,0,0
2443,69,74,33,25,86,67,1,1,1,1,0,0
2444,33,41,32,23,23,46,1,1,1,1,0,0
2445,48,70,51,92,22,15,1,1,1,1,0,0
2446,2,90,19,91,81,19,1,1,1,1,0,0
2447,83,12,76,79,41,34,1,1,1,1,0,0
2448,98,75,79,13,67,19,1,1,1,1,0,0
2449,89,47,55,50,31,67,1,1,1,1,0,0
2450,48,31,10,65,43,14,1,1,1,1,0,0
2451,74,26,37,95,8,75,1,1,1,1,0,0
2452,58,8,58,34,47,79,1,1,1,1,0,0
2453,54,55,38,22,61,38,1,1,1,1,0,0
2454,86,99,43,94,59,5,1,1,1,1,0,0
2455,63,61,72,24,92,16,1,1,1,1,0,0
2456,22,88,69,77,35,49,1,1,1,1,0,0
2457,79,22,0,10,48,82,1,1,1,0,0,0
2458,73,27,36,32,9,72,1,1,1,0,0,0
2459,55,83,83,70,67,41,1,1,1,0,0,0
2460,43,84,52,80,46,7,1,1,0,0,0,0
2461,46,20,68,8,73,67,1,1,0,0,0,0
2462,42,84,75,10,25,0,1,1,0,0,0,0
2463,78,56,63,68,15,97,1,1,0,0,0,0
2464,7,52,42,63,93,65,1,1,0,0,0,2
2465,55,96,44,80,41,64,1,1,0,0,0,2
2466,26,67,25,43,85,21,1,1,0,0,0,2
2467,75,64,30,25,75,93,1,1,0,0,0,2
2468,77,7,95,69,22,74,1,1,0,0,0,2
2469,58,58,90,2,84,68,1,1,0,0,0,2
2470,80,32,8,31,5,18,1,1,0,0,0,2
2471,24,90,58,29,44,48,1,1,0,0,0,2
2472,13,33,28,19,19,13,1,1,0,0,0,2
2473,26,51,87,29,2,73,1,1,0,0,0,2
2474,5,19,80,23,72,19,1,1,0,0,0,2
2475,9,96,5,91,55,14,1,1,0,0,0,2
2476,30,36,18,69,70,91,1,1,0,0,0,2
2477,44,25,30,7,41,11,1,1,0,0,0,2
2478,86,49,96,46,70,19,1,1,0,0,0,2
2479,69,84,88,83,73,0,1,1,0,0,0,2
2480,64,61,80,31,34,10,1,1,0,0,0,2
2481,74,55,54,69,49,90,1,1,0,0,0,2
2482,1,39,51,51,80,22,2,1,0,0,0,2
2483,47,76,57,17,82,77,2,1,0,0,0,1
2484,72,78,92,76,22,5,2,1,0,1,0,1
2485,52,95,93,17,0,15,2,1,0,1,0,1
2486,95,80,79,90,51,30,2,1,0,1,0,1
2487,54,56,18,73,28,10,2,1,0,1,0,1
2488,52,14,29,59,72,47,2,2,0,1,0,1
2489,62,89,89,62,65,39,2,2,0,1,0,1
2490,81,80,23,61,90,16,2,2,0,1,0,1
2491,78,76,53,1,91,63,2,2,0,1,0,1
2492,8,83,9,68,87,58,2,2,0,1,0,1
2493,14,9,25,41,55,67,2,2,0,1,0,1
2494,68,10,48,84,80,53,2,2,0,1,0,1
2495,93,19,28,58,66,11,2,2,0,1,0,1
2496,77,24,49,87,85,1,2,2,0,1,0,1
2497,25,25,77,28,4,45,2,2,0,1,0,1
2498,19,60,69,59,58,96,2,2,0,1,0,1
2499,80,7,18,50,51,41,2,2,0,1,0,1
2500,51,74,4,68,29,22,2,2,0,1,0,1
2501,76,28,39,25,79,88,2,2,0,1,2,1
2502,51,12,38,14,25,7,2,2,0,1,2,1
2503,76,56,6,58,85,3,2,2,0,1,2,2
2504,9,58,2,98,40,89,2,2,0,1,2,2
2505,76,38,11,87,24,81,2,2,0,1,2,2
2506,81,50,87,36,33,88,2,2,0,1,2,2
2507,84,46,27,6,88,41,2,2,0,1,2,2
2508,39,31,86,15,0,82,2,2,0,1,2,2
2509,95,0,61,2,32,20,2,2,0,1,2,2
2510,67,39,68,16,97,56,2,2,0,1,2,2
2511,73,97,51,74,84,29,2,2,0,1,2,2
2512,30,53,9,88,66,46,2,2,0,1,2,2
2513,25,72,15,98,14,2,2,2,0,1,2,2
2514,53,57,81,85,13,11,2,2,1,1,2,2
2515,27,4,99,46,37,2,2,2,1,1,2,2
2516,28,57,9,86,22,25,0,2,1,1,2,2
2517,23,70,51,73,70,2,0,2,1,1,2,2
2518,72,54,88,41,29,45,0,2,1,1,2,2
2519,65,51,53,6,88,64,0,2,1,1,2,2
2520,17,26,76,64,48,68,0,2,1,1,2,2
2521,86,56,15,82,71,97,0,2,1,1,2,2
2522,16,78,14,52,47,44,0,2,1,2,2,2
2523,59,13,87,67,21,5,0,2,1,2,2,2
2524,65,39,86,84,72,41,0,2,1,2,2,2
2525,48,92,47,68,76,67,0,2,1,2,2,2
2526,3,35,94,69,21,5,0,2,1,2,2,2
2527,77,74,37,58,70,81,0,2,1,2,2,2
2528,97,85,70,80,67,55,0,2,1,2,2,2
2529,75,71,1,86,96,78,0,2,1,2,2,2
2530,64,53,28,42,57,16,0,2,1,2,2,2
2531,22,96,70,24,44,63,0,2,1,2,2,2
2532,96,78,60,87,2,48,0,2,1,2,2,2
2533,60,92,82,9,8,60,1,2,1,2,2,2
2534,15,94,36,89,36,80,1,2,1,2,2,2
2535,58,89,27,50,91,70,1,2,1,2,2,2
2536,78,14,14,89,19,87,1,2,1,2,2,2
2537,37,83,18,29,45,68,1,2,1,2,2,2
2538,73,35,14,23,89,30,1,2,1,2,2,2
2539,0,23,10,1,33,7,1,2,1,2,2,2
2540,87,38,3,55,51,79,1,2,1,2,2,2
2541,78,83,51,44,7,45,1,2,1,2,2,2
2542,98,0,3,45,96,71,1,2,1,2,2,2
2543,63,56,31,29,66,57,1,2,1,2,2,2
2544,29,25,54,36,27,30,1,2,1,2,2,2
2545,69,78,67,52,63,76,1,2,1,2,2,2
2546,61,85,77,73,96,18,1,2,1,2,2,2
2547,95,23,64,10,37,32,1,2,1,2,2,2
2548,41,91,25,99,22,29,1,1,1,2,2,0
2549,50,80,74,10,25,22,1,1,1,2,2,0
2550,37,9,94,58,10,77,1,1,1,2,2,0
2551,12,76,72,45,91,45,1,1,1,2,2,0
2552,81,96,19,17,79,75,1,1,1,2,2,0
2553,96,62,53,19,45,82,1,1,1,1,2,0
2554,87,87,91,27,42,58,1,1,1,1,2,0
2555,22,81,72,95,66,94,1,1,1,1,2,0
2556,56,46,45,36,71,40,1,1,1,1,2,0
2557,62,63,43,49,83,9,1,1,1,1,0,0
2558,24,51,31,9,25,39,1,1,1,1,0,0
2559,84,90,69,50,77,66,1,1,1,1,0,0
2560,44,97,28,24,56,46,1,1,1,1,0,0
2561,49,25,90,52,97,74,1,1,1,1,0,0
2562,61,11,9,25,77,6,1,1,1,1,0,0
2563,18,59,77,67,86,48,1,1,1,1,0,0
2564,12,4,29,16,58,3,1,1,1,1,0,0
2565,27,86,59,74,24,50,1,1,1,1,0,0
2566,70,50,21,10,76,79,1,1,1,1,0,0
2567,13,27,61,50,32,47,1,1,1,1,0,0
2568,69,60,67,90,91,23,1,1,1,0,0,0
2569,24,82,5,6,33,49,1,1,1,0,0,0
2570,32,31,56,4,7,8,1,1,1,0,0,0
2571,45,84,95,89,79,56,1,2,1,0,0,0
2572,74,58,46,61,63,6,1,2,1,0,0,0
2573,50,41,76,58,24,12,1,2,1,0,0,0
2574,34,58,45,84,48,31,1,2,1,0,0,0
2575,36,23,19,31,23,38,1,2,1,0,0,0
2576,49,63,93,50,10,85,1,2,1,0,0,0
2577,65,71,97,23,40,81,1,2,1,0,0,0
2578,89,51,80,87,71,22,1,2,1,0,0,0
2579,65,4,72,75,10,19,1,2,1,0,0,0
2580,79,50,62,7,43,71,1,2,1,0,0,0
2581,70,0,16,26,80,99,1,2,1,0,0,0
2582,54,2,1,64,30,68,1,2,1,0,0,0
2583,33,11,81,33,96,95,1,2,1,0,0,0
2584,74,40,25,52,60,9,1,2,1,0,0,0
2585,16,14,4,36,4,97,1,2,1,0,0,0
2586,66,95,78,3,3,9,1,2,1,0,0,0
2587,4,97,28,48,80,20,1,2,1,0,0,0
2588,0,52,5,21,40,58,1,2,2,0,0,0
2589,37,26,76,41,56,79,1,2,2,0,0,0
2590,42,53,69,38,97,32,1,2,2,0,0,0
2591,76,18,90,83,55,95,1,2,2,0,0,0
2592,3,70,87,72,98,26,1,2,2,2,0,0
2593,28,8,31,79,61,88,1,2,2,2,0,0
2594,52,68,42,9,55,74,1,1,2,2,0,0
2595,42,24,32,51,80,97,1,1,2,2,0,0
2596,45,43,95,89,78,25,1,1,2,2,0,0
2597,21,38,35,27,99,97,1,1,2,2,0,0
2598,89,60,50,56,2,28,2,1,2,2,0,0
2599,20,2,40,32,20,82,2,1,2,2,2,0
2600,98,91,61,31,98,13,2,1,2,2,2,1
2601,23,12,60,99,41,1,2,1,2,2,2,1
2602,10,37,37,37,28,85,2,1,2,2,2,1
2603,26,62,15,6,90,28,2,1,2,2,2,1
2604,0,59,29,50,42,81,2,1,2,2,2,1
2605,85,91,27,37,13,67,2,1,2,2,2,1
2606,29,79,88,94,15,18,2,1,2,2,2,1
2607,25,41,10,19,33,68,2,1,2,2,2,1
2608,22,6,68,20,15,43,2,1,1,2,2,1
2609,41,60,16,69,6,57,2,1,1,2,2,1
2610,54,96,46,67,25,94,2,1,1,1,2,1
2611,3,59,98,97,43,97,2,1,1,1,2,1
2612,46,92,72,65,25,89,2,1,1,1,2,1
2613,21,45,35,83,32,74,2,1,1,1,2,1
2614,63,16,73,8,77,25,2,1,1,1,2,1
2615,5,50,29,36,83,78,2,1,1,1,2,1
2616,23,36,33,1,50,64,2,1,1,1,2,1
2617,18,27,50,73,75,71,2,1,1,1,2,1
2618,33,15,99,83,4,76,2,1,1,1,2,1
2619,82,95,97,27,27,61,2,1,1,1,2,1
2620,30,73,68,80,5,74,2,1,1,1,2,1
2621,25,48,99,20,60,66,2,1,1,1,2,1
2622,15,44,65,27,26,29,2,1,1,1,2,1
2623,76,15,47,95,34,35,2,1,1,1,2,1
2624,3,87,63,48,94,34,2,1,1,1,2,1
2625,46,71,44,28,79,98,2,1,1,1,2,1
2626,40,41,56,41,27,70,2,1,1,1,2,1
2627,18,97,67,59,98,31,2,1,1,1,2,1
2628,36,85,74,34,89,70,2,1,1,1,2,1
2629,52,67,47,12,93,60,2,1,1,1,2,1
2630,24,56,45,35,26,47,2,1,1,1,2,1
2631,51,2,28,17,28,6,2,1,1,1,2,1
2632,62,71,31,4,95,22,2,1,1,1,2,1
2633,95,14,11,40,87,65,2,1,1,1,2,1
2634,85,75,0,26,52,58,2,1,1,1,2,1
2635,29,17,1,3,8,21,2,1,1,1,2,1
2636,47,92,93,49,84,74,2,1,1,1,1,1
2637,85,71,52,47,23,34,2,1,1,1,1,1
2638,95,34,55,35,54,4,2,1,1,1,1,1
2639,4,67,42,68,75,93,2,1,1,1,1,1
2640,86,20,13,49,92,40,2,1,1,1,1,1
2641,26,82,34,26,8,26,2,1,1,1,1,1
2642,57,90,58,15,16,93,2,1,1,1,1,1
2643,26,74,83,26,9,56,2,1,1,1,1,1
2644,89,53,44,33,78,88,2,1,1,1,1,1
2645,28,48,34,92,38,27,2,1,1,1,1,1
2646,69,27,3,67,8,19,2,1,1,1,1,1
2647,1,35,23,70,55,62,2,1,1,1,1,1
2648,86,31,13,47,13,26,2,1,1,1,1,1
2649,23,43,67,90,87,77,2,1,1,1,1,1
2650,5,24,83,2,55,38,2,1,1,1,1,1
2651,12,14,89,99,33,34,2,1,1,1,1,1
2652,40,93,55,67,94,82,2,1,1,1,1,1
2653,6,12,85,80,14,4,2,1,1,1,1,1
2654,35,2,67,73,16,29,2,1,1,1,1,1
2655,56,79,74,65,3,73,2,2,1,1,1,1
2656,93,29,14,50,8,46,2,2,1,1,1,1
2657,88,25,79,67,66,0,1,2,1,1,1,1
2658,63,92,41,84,5,26,1,2,1,1,1,1
2659,2,31,80,55,27,24,1,2,1,1,1,1
2660,9,99,70,67,93,25,1,2,1,1,1,0
2661,83,19,15,73,74,65,1,2,1,1,1,0
2662,25,48,74,43,81,25,1,2,1,1,1,0
2663,81,35,54,98,43,54,1,2,1,1,1,0
2664,98,15,31,61,56,36,1,2,1,1,1,0
2665,72,60,63,37,91,74,1,2,1,1,1,0
2666,49,69,83,39,87,10,1,2,1,1,1,0
2667,91,47,3,59,44,56,1,2,2,1,1,0
2668,57,16,41,35,79,33,1,2,2,1,1,0
2669,88,12,38,29,99,61,1,2,2,1,1,0
2670,25,23,1,35,87,66,1,2,2,1,1,0
2671,17,84,96,59,29,3,1,2,2,1,1,0
2672,84,32,71,27,15,41,1,2,2,1,1,0
2673,58,58,84,93,13,21,1,2,2,1,1,0
2674,36,83,8,96,62,74,1,2,2,1,1,0
2675,73,19,74,57,80,22,1,2,2,1,1,0
2676,57,39,82,63,31,43,1,2,2,1,1,0
2677,11,26,39,69,77,23,1,2,2,1,1,0
2678,5,66,43,49,95,38,1,2,2,1,1,0
2679,45,70,80,99,25,76,1,2,2,1,1,0
2680,75,12,93,81,15,78,1,2,2,1,1,0
2681,14,74,97,31,23,52,1,2,2,1,1,0
2682,4,89,17,52,97,71,0,2,2,1,1,0
2683,10,96,48,47,58,1,0,2,2,1,1,0
2684,60,79,77,53,37,19,0,2,2,1,1,0
2685,77,82,59,61,1,54,0,2,2,0,1,0
2686,83,80,27,74,23,95,0,2,2,0,1,0
2687,76,89,90,32,84,40,0,2,2,0,1,0
2688,92,93,14,19,75,57,0,2,2,0,1,0
2689,55,58,87,17,37,24,0,2,2,0,1,0
2690,24,9,86,69,56,95,0,2,2,0,1,0
2691,54,85,59,45,83,78,0,2,2,0,1,0
2692,88,88,86,79,79,77,0,2,2,0,1,0
2693,2,86,37,61,86,3,0,2,2,0,1,0
2694,12,44,9,53,5,43,0,2,2,0,1,0
2695,64,54,43,68,35,23,0,2,2,0,1,0
2696,24,18,26,51,56,74,0,2,2,0,1,0
2697,8,79,75,28,4,41,0,2,2,0,1,0
2698,38,2,85,72,22,89,0,2,2,0,1,0
2699,30,22,76,37,51,25,0,2,2,0,2,0
2700,83,90,30,84,85,14,0,2,2,0,2,0
2701,42,83,72,54,88,26,0,2,2,0,2,0
2702,12,47,51,23,64,51,0,0,2,0,2,2
2703,40,85,84,72,14,25,0,0,2,0,2,2
2704,23,63,75,53,22,5,0,0,2,0,2,2
2705,6,20,43,93,80,2,0,0,2,0,2,2
2706,96,94,1,91,31,53,0,0,2,0,2,2
2707,13,7,51,12,88,21,0,0,2,0,2,2
2708,39,28,40,80,45,16,0,0,2,0,2,2
2709,25,1,79,63,85,36,0,0,2,0,2,2
2710,87,58,65,20,9,85,0,0,2,0,2,2
2711,27,87,37,41,42,17,0,0,2,0,2,2
2712,49,0,95,52,91,94,0,0,2,1,2,2
2713,29,21,0,88,94,98,0,0,2,1,2,2
2714,6,89,68,54,55,24,0,0,2,1,2,2
2715,97,52,21,88,3,12,0,0,2,1,2,2
2716,53,8,54,24,99,44,0,0,2,1,2,2
2717,72,29,16,71,69,98,0,0,2,1,2,2
2718,31,44,53,1,83,49,0,0,2,1,2,2
2719,56,39,74,87,77,67,0,0,2,1,2,2
2720,12,68,27,78,28,2,0,0,2,1,2,2
2721,24,2,28,65,80,50,0,0,2,1,2,2
2722,38,67,17,33,55,82,0,0,0,1,2,2
2723,13,42,0,8,7,6,0,0,0,1,2,2
2724,11,2,74,10,32,36,0,0,0,1,2,2
2725,55,3,6,29,25,77,0,0,0,1,2,2
2726,16,2,19,87,35,61,0,0,0,1,2,2
2727,12,89,49,15,55,58,0,0,0,1,2,2
2728,86,90,80,59,71,89,0,0,0,1,2,2
2729,25,63,87,84,79,97,0,0,0,1,2,2
2730,73,52,35,93,18,17,0,0,0,1,2,2
2731,12,17,11,57,45,80,0,0,0,1,2,2
2732,22,43,61,1,58,15,0,0,0,1,2,2
2733,59,66,84,80,47,48,0,0,0,1,2,2
2734,85,53,96,32,58,93,0,0,0,1,2,2
2735,29,80,74,90,56,78,0,0,0,1,2,0
2736,39,43,7,17,14,85,0,0,0,1,2,0
2737,0,92,73,62,82,68,0,0,0,1,2,0
2738,44,36,37,40,25,10,0,0,0,1,2,0
2739,79,72,86,83,37,79,0,0,0,1,2,0
2740,57,50,20,85,42,26,0,0,0,1,2,0
2741,68,73,66,6,90,68,1,0,0,1,2,0
2742,32,40,8,40,50,25,1,0,0,1,2,0
2743,79,88,19,55,10,95,1,0,0,1,2,0
2744,60,19,46,34,60,82,1,0,0,1,2,0
2745,91,95,47,19,24,1,1,0,0,1,2,0
2746,7,20,41,90,20,27,1,0,0,1,2,0
2747,34,85,4,95,39,4,1,0,0,1,2,0
2748,70,7,68,28,50,48,1,0,0,1,2,0
2749,92,88,58,24,82,85,1,0,0,0,2,0
2750,2,75,35,28,94,55,1,0,0,0,2,0
2751,72,44,1,29,68,1,1,0,0,0,2,0
2752,63,24,84,48,57,81,1,0,0,0,2,0
2753,44,9,33,47,52,62,1,0,0,0,1,0
2754,32,61,56,34,82,20,1,0,0,0,1,0
2755,8,64,66,85,58,94,1,0,0,0,1,0
2756,20,59,87,77,49,32,1,0,0,0,1,0
2757,90,84,16,11,75,31,1,0,0,0,1,0
2758,43,30,8,40,67,93,1,0,0,0,1,0
2759,14,59,30,72,78,2,1,0,0,0,1,0
2760,94,24,16,8,51,92,1,0,0,0,1,0
2761,45,30,25,40,78,57,1,0,0,0,1,0
2762,35,93,2,8,40,88,1,0,0,0,1,0
2763,78,95,33,25,95,2,1,0,0,0,1,0
2764,90,70,98,36,72,93,1,0,0,0,1,0
2765,12,22,67,86,59,91,1,0,0,0,1,0
2766,64,60,77,26,94,77,1,0,0,0,1,0
2767,91,5,64,27,17,33,1,0,0,0,1,0
2768,61,73,4,74,82,4,1,0,0,0,1,0
2769,1,12,27,44,30,56,0,0,0,0,1,0
2770,38,5,54,17,10,68,0,0,0,0,1,0
2771,75,30,49,32,35,52,0,0,0,0,1,0
2772,44,9,2,98,42,6,0,0,0,0,1,0
2773,86,78,39,22,8,73,0,0,0,0,1,0
2774,15,7,28,92,1,79,0,0,0,0,1,0
2775,4,48,54,5,83,53,0,2,0,0,1,0
2776,1,77,99,13,2,50,0,2,0,0,1,0
2777,38,55,28,26,56,7,0,2,0,0,1,0
2778,8,19,92,10,28,42,0,2,0,0,1,0
2779,13,21,61,90,47,5,0,2,0,0,1,0
2780,34,18,99,30,50,44,0,2,0,0,1,0
2781,81,22,29,88,5,83,0,2,0,0,1,0
2782,18,75,1,15,87,29,0,2,0,0,1,0
2783,17,38,78,9,68,0,0,2,0,0,1,0
2784,51,66,35,6,83,18,0,2,0,0,1,0
2785,13,89,0,16,86,82,0,2,2,0,1,0
2786,10,85,27,73,11,75,0,2,2,0,1,0
2787,66,48,41,91,12,24,0,2,2,0,2,0
2788,10,81,77,8,80,94,0,2,2,0,2,0
2789,24,82,41,4,24,90,0,2,2,0,2,0
2790,97,20,65,41,7,69,0,2,2,0,2,0
2791,24,8,38,93,48,53,0,2,2,0,2,0
2792,2,26,52,64,98,86,0,2,2,0,2,0
2793,92,49,65,9,17,36,0,2,2,0,2,0
2794,54,71,94,33,9,85,0,2,2,0,2,0
2795,37,43,8,15,85,64,0,2,2,0,2,0
2796,87,0,58,6,47,73,0,2,2,0,2,0
2797,64,39,75,46,87,38,0,2,2,0,2,0
2798,19,55,30,64,46,49,0,2,2,0,2,0
2799,55,15,7,36,33,39,0,2,2,0,2,0
2800,89,42,34,61,25,98,0,2,2,0,2,0
2801,67,89,51,56,38,62,0,2,2,0,2,0
2802,51,60,64,85,10,73,0,2,2,0,2,0
2803,20,38,91,44,21,62,0,2,2,0,2,0
2804,34,87,34,17,32,28,0,2,2,0,2,0
2805,74,66,86,26,95,12,0,2,2,0,2,0
2806,65,17,24,68,84,95,0,2,2,0,2,0
2807,41,50,14,1,60,28,0,2,2,0,2,0
2808,91,57,48,2,53,37,0,2,2,0,2,0
2809,28,62,46,0,0,55,0,2,2,0,2,1
2810,95,66,14,24,34,66,0,2,2,0,2,1
2811,77,98,66,81,40,99,0,2,2,0,2,1
2812,5,61,88,54,2,6,0,2,2,0,2,1
2813,55,89,96,89,0,47,0,2,2,0,2,1
2814,64,36,19,68,43,35,0,2,2,0,2,1
2815,80,75,92,95,53,57,0,2,2,0,2,1
2816,29,1,57,26,41,40,0,2,2,0,2,1
2817,12,83,39,80,90,14,0,2,2,0,2,1
2818,27,34,89,63,0,85,0,2,2,0,2,1
2819,60,65,95,30,58,36,0,2,2,0,2,1
2820,41,85,68,55,5,46,0,2,2,0,2,1
2821,38,80,78,68,79,61,0,2,2,0,2,1
2822,89,46,24,95,26,67,0,2,2,1,2,1
2823,34,11,1,49,75,15,0,2,0,1,2,1
2824,11,6,52,61,18,84,0,2,0,1,2,1
2825,16,13,9,4,43,44,0,2,0,1,2,1
2826,7,40,8,43,69,96,0,2,0,1,2,1
2827,46,50,47,84,47,63,0,2,0,1,2,1
2828,62,56,7,11,72,86,0,2,0,1,2,1
2829,99,43,63,30,78,2,0,2,0,1,2,1
2830,23,8,90,41,31,95,0,2,0,1,2,1
2831,56,96,95,92,33,71,0,2,0,1,2,1
2832,1,93,78,21,70,54,0,2,0,1,2,1
2833,74,49,51,33,12,71,0,2,0,1,0,1
2834,90,6,66,45,73,80,0,2,0,1,0,1
2835,0,80,93,15,24,2,0,2,0,1,0,1
2836,46,27,61,12,9,49,0,2,0,1,0,1
2837,47,32,56,90,92,14,0,2,0,1,0,1
2838,65,38,10,53,65,29,0,2,0,1,0,1
2839,9,21,44,56,44,99,0,2,0,1,0,1
2840,35,73,1,55,32,25,0,2,0,1,0,1
2841,7,20,8,32,19,33,0,2,0,1,0,1
2842,96,32,14,19,27,79,0,2,0,1,0,1
2843,41,27,31,49,37,94,2,2,0,1,0,1
2844,89,53,46,32,38,5,2,2,0,1,0,1
2845,84,55,20,25,68,89,2,2,0,1,0,2
2846,45,66,66,61,2,38,2,2,0,1,0,2
2847,32,13,36,44,89,62,2,2,0,1,0,2
2848,4,90,8,23,32,99,2,2,0,1,0,2
2849,90,56,88,11,92,71,2,2,0,1,0,2
2850,41,2,93,79,59,74,2,1,0,1,0,2
2851,33,52,19,76,56,43,2,1,0,1,0,2
2852,77,96,85,41,31,50,2,1,0,1,0,2
2853,57,90,0,39,83,30,2,1,0,1,0,2
2854,72,70,68,12,81,12,2,1,0,1,0,2
2855,53,90,18,44,91,94,2,1,0,1,0,2
2856,93,97,22,29,86,43,2,1,0,1,0,2
2857,95,44,14,28,72,93,2,1,0,1,0,2
2858,85,57,94,5,95,75,2,1,0,1,0,2
2859,77,15,51,14,70,58,2,1,0,1,0,2
2860,63,5,11,36,25,29,2,1,0,2,0,2
2861,41,84,60,31,13,30,2,1,0,2,0,2
2862,74,7,34,65,79,50,2,1,0,2,0,2
2863,94,50,71,69,9,88,2,1,0,2,0,2
2864,89,94,35,77,73,40,2,1,0,2,0,2
2865,2,30,27,27,11,8,2,1,1,2,0,2
2866,49,33,82,30,71,90,2,1,1,2,0,2
2867,48,2,40,48,28,26,2,1,1,2,0,2
2868,52,86,6,33,76,65,2,1,1,2,0,2
2869,64,30,50,96,45,31,2,1,1,2,0,2
2870,7,55,59,38,97,34,2,1,1,2,0,2
2871,54,24,72,45,20,93,2,1,1,2,0,2
2872,86,10,49,54,52,10,2,1,1,2,0,2
2873,59,8,0,87,77,58,2,1,1,2,0,2
2874,26,57,62,61,31,41,2,1,1,2,0,2
2875,4,97,29,83,50,93,2,1,1,2,0,2
2876,29,38,70,77,52,7,2,1,1,2,2,2
2877,17,75,49,60,4,95,2,1,1,2,2,2
2878,28,91,2,78,20,43,2,1,1,2,2,2
2879,61,0,39,21,72,60,2,1,1,2,2,2
2880,21,77,60,42,91,28,2,1,1,2,2,2
2881,40,1,67,14,36,4,2,1,1,2,2,2
2882,76,37,46,23,38,58,2,1,1,2,2,2
2883,0,51,80,79,78,47,2,1,1,0,2,2
2884,83,91,8,34,79,6,2,1,1,0,2,2
2885,27,86,2,95,15,7,2,1,1,0,2,2
2886,3,19,31,56,86,70,2,1,1,0,2,2
2887,62,95,19,97,64,17,2,1,1,0,2,2
2888,22,16,91,50,75,2,2,1,1,0,2,2
2889,8,49,79,84,30,63,2,1,1,0,2,2
2890,86,65,75,85,79,81,1,1,1,0,2,2
2891,6,73,63,5,82,64,1,1,1,0,2,2
2892,49,60,86,90,54,35,1,0,1,0,2,2
2893,62,94,62,86,15,94,1,0,1,0,2,2
2894,83,37,1,22,37,47,1,0,1,0,2,2
2895,94,51,51,2,48,80,1,0,1,0,2,2
2896,17,49,41,55,49,1,1,0,1,0,2,2
2897,36,58,49,56,75,98,1,0,1,0,2,2
2898,8,28,4,87,22,88,1,0,2,0,2,2
2899,34,71,77,21,45,30,1,0,2,0,2,2
2900,13,84,94,44,40,34,1,0,2,0,2,2
2901,18,66,79,11,38,30,1,0,2,0,2,2
2902,43,38,42,88,89,79,1,0,2,0,2,2
2903,97,8,60,31,18,98,1,0,2,0,2,2
2904,59,96,77,10,12,70,1,0,2,0,2,1
2905,2,20,72,43,68,58,1,0,2,0,2,1
2906,41,63,70,1,84,53,1,0,2,0,2,1
2907,94,92,74,46,40,27,1,0,2,0,2,1
2908,97,72,96,75,35,4,1,0,2,0,2,1
2909,57,47,86,34,87,41,1,0,2,0,2,1
2910,75,48,40,10,4,71,1,0,2,0,2,1
2911,56,58,7,27,24,34,1,0,2,0,2,1
2912,18,44,32,38,4,51,1,0,2,0,2,1
2913,67,39,47,89,95,15,1,0,2,0,2,1
2914,0,51,55,41,78,73,1,0,2,0,2,1
2915,62,68,7,10,67,74,1,0,2,0,2,1
2916,36,36,61,50,21,67,1,0,2,0,2,1
2917,33,31,14,93,65,12,1,0,2,0,2,1
2918,28,43,71,19,58,41,1,0,2,0,2,1
2919,8,91,26,54,75,65,1,0,2,0,2,1
2920,16,85,83,59,54,48,1,0,2,0,2,1
2921,34,31,33,6,4,20,1,0,2,0,2,1
2922,89,0,68,17,80,90,1,0,2,0,2,1
2923,58,89,85,21,17,58,1,0,2,0,2,1
2924,8,43,38,31,84,44,1,0,2,0,2,0
2925,53,5,11,21,79,94,1,0,2,0,2,0
2926,48,31,66,90,70,7,1,0,2,0,2,0
2927,97,0,55,85,93,10,1,0,2,0,2,0
2928,7,67,49,55,31,38,1,0,2,0,2,0
2929,85,21,24,81,83,6,1,0,2,0,2,0
2930,7,17,71,13,94,78,1,0,2,0,2,0
2931,63,93,0,99,54,66,1,0,2,0,2,0
2932,84,41,15,58,79,88,1,0,2,0,2,0
2933,55,6,29,69,52,55,1,0,2,0,2,0
2934,77,82,31,25,69,62,1,0,2,0,2,0
2935,93,7,27,3,21,82,1,0,1,0,2,0
2936,92,15,73,95,62,84,1,0,1,0,2,0
2937,61,72,14,49,56,60,1,0,1,0,2,0
2938,15,25,15,51,32,17,1,0,1,0,2,0
2939,43,96,30,15,19,9,1,0,1,0,2,0
2940,78,11,92,69,46,24,1,1,1,0,1,0
2941,76,2,80,67,84,1,1,1,1,0,1,0
2942,1,0,17,3,48,32,1,1,1,0,1,0
2943,74,26,86,41,73,51,1,1,1,0,1,0
2944,61,83,78,25,75,83,1,1,1,0,1,0
2945,39,31,45,11,20,35,1,1,1,0,1,0
2946,29,78,76,32,21,83,2,1,1,0,1,0
2947,15,46,41,39,64,3,2,1,1,0,1,0
2948,79,68,35,57,26,22,2,1,1,0,1,0
2949,62,80,13,24,97,30,2,1,1,0,1,0
2950,61,66,45,58,26,91,2,1,1,0,1,0
2951,23,21,94,83,81,68,2,1,1,0,1,0
2952,12,25,79,0,90,15,2,1,1,0,1,0
2953,45,40,91,62,73,86,2,1,1,0,1,0
2954,65,9,89,66,74,8,2,1,1,0,1,0
2955,3,23,50,50,39,76,2,1,1,0,1,0
2956,38,49,70,46,97,96,2,1,1,1,1,0
2957,90,63,17,64,93,49,2,1,1,1,1,0
2958,25,75,86,85,27,0,2,1,1,1,1,0
2959,7,92,35,15,71,42,2,1,1,1,1,0
2960,33,23,89,53,76,12,2,1,1,1,1,0
2961,72,22,71,86,82,16,2,1,1,1,1,0
2962,42,14,18,15,46,8,2,1,1,1,1,0
2963,26,67,96,19,29,11,2,1,1,1,1,0
2964,31,29,11,18,46,17,2,1,1,1,1,0
2965,76,18,47,60,65,81,1,1,1,1,1,0
2966,1,78,79,97,91,38,1,1,1,1,1,0
2967,64,64,47,40,54,85,1,1,1,1,1,0
2968,67,5,78,42,34,67,1,1,1,1,1,0
2969,40,82,63,57,51,54,1,1,1,1,1,0
2970,76,48,49,21,8,97,1,1,1,1,1,0
2971,5,42,55,27,25,25,1,1,1,1,1,0
2972,7,40,48,74,10,78,1,1,1,1,1,0
2973,44,72,42,77,37,24,1,1,1,1,1,0
2974,21,14,47,44,20,59,1,0,1,1,1,0
2975,17,87,55,31,90,81,1,0,1,1,1,0
2976,51,0,15,89,86,39,1,0,1,1,1,0
2977,35,80,24,25,34,19,1,0,1,1,1,0
2978,92,99,91,74,70,87,1,0,1,1,1,0
2979,43,42,24,94,19,45,1,0,1,1,1,0
2980,68,95,47,79,93,42,1,0,1,1,1,0
2981,99,93,85,40,51,9,1,0,1,1,1,0
2982,96,71,58,22,26,21,1,0,1,1,1,0
2983,37,45,94,30,25,23,1,0,1,1,1,0
2984,80,14,41,76,2,4,1,0,1,1,1,2
2985,55,2,63,33,72,31,0,0,1,1,1,2
2986,13,73,50,37,65,99,0,0,1,1,1,2
2987,49,23,78,81,77,78,0,0,1,1,1,2
2988,38,6,47,93,45,27,0,0,1,1,1,2
2989,17,9,93,40,58,96,0,0,1,1,1,2
2990,47,21,1,68,5,63,0,0,1,1,1,2
2991,99,19,44,52,85,49,0,0,1,2,1,2
2992,95,92,23,38,77,27,0,0,1,2,1,2
2993,53,90,63,11,50,66,0,0,1,2,1,2
2994,50,79,19,23,27,37,0,0,1,2,1,2
2995,62,74,86,54,63,90,0,0,1,2,2,2
2996,82,33,29,43,16,55,0,0,1,2,2,2
2997,83,18,34,89,74,24,0,0,1,2,2,2
2998,49,60,58,94,54,14,0,0,1,2,2,2
2999,28,99,96,4,53,44,0,0,1,2,2,2
3000,20,6,73,96,97,70,0,0,1,2,2,2
3001,99,22,51,44,33,59,0,0,1,2,2,2
3002,59,45,84,38,16,68,0,0,1,2,2,2
3003,91,28,23,72,7,75,0,0,1,2,2,2
3004,61,12,33,0,71,49,0,0,0,2,2,2
3005,72,13,46,80,64,25,0,0,0,2,2,2
3006,58,21,96,90,97,29,0,0,0,2,2,2
3007,81,90,69,27,52,13,0,0,0,2,2,2
3008,12,56,65,60,66,99,0,0,0,2,2,2
3009,34,12,10,83,15,76,0,0,0,2,2,2
3010,8,32,27,31,34,63,0,0,0,2,2,2
3011,67,18,33,38,22,75,0,0,0,2,2,2
3012,13,33,54,32,88,6,0,0,0,2,2,2
3013,78,56,83,83,56,67,0,0,0,2,2,2
3014,32,40,31,44,58,2,0,0,0,2,2,2
3015,0,64,66,55,9,50,0,0,0,2,2,2
3016,3,0,25,93,77,44,0,0,0,2,2,2
3017,50,77,53,4,49,27,0,0,0,2,2,2
3018,20,39,65,58,34,21,0,0,0,2,2,2
3019,35,0,28,49,16,12,0,0,0,2,2,2
3020,76,10,74,3,23,38,0,0,0,2,2,2
3021,29,0,21,39,94,14,0,0,0,2,2,2
3022,77,57,35,77,17,99,0,0,0,2,2,2
3023,1,86,92,48,28,78,0,0,0,2,2,2
3024,82,17,79,39,60,9,0,0,0,2,2,2
3025,69,92,88,64,2,68,0,0,0,2,2,2
3026,59,22,27,57,77,82,0,0,0,2,2,0
3027,3,17,66,9,91,41,0,0,0,2,2,0
3028,43,0,64,0,41,6,0,0,0,2,2,0
3029,63,37,4,98,81,93,0,0,0,2,2,0
3030,69,82,77,87,85,68,0,0,0,2,2,0
3031,41,26,64,62,1,54,0,0,0,2,2,0
3032,33,1,90,86,29,49,0,0,0,2,2,0
3033,92,76,55,48,93,96,0,0,0,2,2,0
3034,64,14,8,16,16,62,0,0,0,0,2,0
3035,31,10,7,10,22,87,0,0,0,0,2,0
3036,1,72,78,96,7,77,0,0,0,0,2,0
3037,34,46,34,79,70,68,0,0,0,0,2,0
3038,51,96,65,1,31,9,0,0,0,0,2,0
3039,93,2,22,96,27,49,0,0,0,0,2,0
3040,52,45,27,70,79,63,0,0,0,0,2,0
3041,80,20,22,90,58,59,0,0,0,0,2,0
3042,20,1,35,69,64,89,0,0,0,0,2,0
3043,58,45,50,50,43,52,0,0,2,0,2,0
3044,17,5,73,38,64,36,0,0,2,0,2,0
3045,0,48,42,58,12,28,0,0,2,0,2,0
3046,28,90,37,25,22,37,0,0,2,0,2,0
3047,41,74,27,31,56,31,0,1,2,0,2,0
3048,7,72,98,21,70,13,0,1,2,0,2,0
3049,99,11,30,55,97,76,0,1,2,0,2,0
3050,48,2,66,97,14,29,0,1,2,0,2,0
3051,87,6,47,75,39,32,0,1,2,0,2,0
3052,75,80,28,35,45,80,0,1,2,0,2,0
3053,10,45,44,98,3,65,2,1,2,0,0,0
3054,20,86,12,1,61,38,2,1,2,0,0,0
3055,11,0,70,12,84,50,2,1,2,0,0,0
3056,75,19,37,34,42,62,2,1,2,0,0,0
3057,53,69,72,22,93,38,2,1,2,0,0,0
3058,61,38,24,2,39,14,2,1,2,0,0,0
3059,7,61,53,82,7,83,2,1,2,0,0,0
3060,89,65,7,25,30,22,2,1,2,0,0,0
3061,16,21,85,44,16,43,2,1,2,0,0,0
3062,18,29,39,27,82,6,2,1,2,0,0,1
3063,10,49,68,74,44,42,2,1,2,0,0,1
3064,90,19,87,2,98,86,2,1,2,0,0,1
3065,1,54,38,39,33,19,2,1,2,0,0,1
3066,36,38,3,78,16,99,2,1,2,0,0,1
3067,42,88,22,27,29,16,2,1,2,0,0,1
3068,97,44,21,94,30,2,2,1,2,0,0,1
3069,57,36,59,39,18,42,2,1,2,0,0,1
3070,19,1,65,81,12,11,2,1,2,0,0,1
3071,7,96,67,66,18,8,2,1,2,0,0,1
3072,15,69,31,51,27,78,2,1,2,0,0,1
3073,37,63,92,41,74,46,2,1,2,0,0,1
3074,76,53,99,88,67,54,2,1,2,0,0,1
3075,7,54,43,13,28,15,2,1,2,0,0,1
3076,24,63,52,1,31,90,2,1,2,0,0,1
3077,81,19,32,75,61,57,2,1,2,0,0,1
3078,46,31,54,16,32,8,2,1,2,0,0,1
3079,62,30,47,84,16,62,2,1,2,0,0,1
3080,91,18,65,36,38,34,2,2,2,0,0,1
3081,20,39,21,14,7,71,2,2,2,0,0,1
3082,87,1,50,85,92,87,2,2,2,0,0,1
3083,34,23,62,59,68,60,2,2,2,0,0,1
3084,39,13,10,85,67,37,2,2,2,0,0,1
3085,7,21,44,58,8,73,2,2,2,0,0,1
3086,48,66,43,77,23,12,2,2,2,0,0,1
3087,55,23,5,21,76,67,2,2,2,0,0,1
3088,71,86,32,49,55,29,2,2,2,2,0,0
3089,57,2,81,15,11,6,2,2,2,2,0,0
3090,87,68,40,61,15,32,2,2,2,2,0,0
3091,80,82,61,92,60,24,2,2,2,2,0,0
3092,16,8,89,8,56,67,2,2,2,2,0,0
3093,42,33,52,38,88,11,2,2,2,2,0,0
3094,2,62,95,48,95,2,2,2,2,2,0,0
3095,71,32,54,61,11,34,2,2,2,2,0,0
3096,18,8,4,47,76,99,2,2,1,2,0,0
3097,88,33,6,51,91,76,2,2,1,2,0,0
3098,9,15,77,66,86,54,2,2,1,2,0,0
3099,97,9,60,12,90,95,2,2,1,2,0,0
3100,27,41,0,14,76,28,2,2,1,2,0,0
3101,25,15,48,84,78,16,2,2,1,2,0,0
3102,71,30,65,15,39,47,2,2,1,2,0,0
3103,80,21,25,61,37,55,2,2,1,2,0,0
3104,99,52,88,29,58,54,2,2,1,2,0,0
3105,25,67,55,90,78,91,2,2,1,2,0,0
3106,66,76,36,77,45,59,2,2,1,2,0,1
3107,33,84,3,57,87,31,2,2,1,2,0,1
3108,14,3,39,18,84,75,2,2,1,2,0,1
3109,50,44,70,19,49,49,2,2,1,2,0,1
3110,88,81,51,7,1,92,2,2,1,2,0,1
3111,57,8,11,9,28,62,2,2,1,2,0,1
3112,34,77,86,57,94,57,2,2,1,2,0,1
3113,13,52,96,51,54,86,2,2,1,2,0,1
3114,11,2,0,24,35,85,2,2,1,2,0,1
3115,85,72,56,3,60,71,2,2,1,2,0,1
3116,47,38,4,78,57,66,2,2,1,2,0,1
3117,29,45,70,93,55,89,2,2,1,2,0,1
3118,41,50,64,64,80,21,0,2,1,2,1,1
3119,5,94,82,9,64,51,0,2,1,2,1,1
3120,87,72,3,10,34,67,0,2,1,2,1,1
3121,34,21,58,95,28,35,0,2,1,2,1,1
3122,58,59,60,74,99,59,0,2,1,2,1,1
3123,51,10,70,96,92,89,0,2,1,2,1,1
3124,24,99,86,81,31,25,0,2,1,2,1,1
3125,32,42,57,53,72,69,0,2,1,2,1,1
3126,17,31,47,58,14,73,0,2,1,2,1,1
3127,73,69,44,78,60,77,0,2,1,2,1,1
3128,42,76,61,97,10,78,0,1,1,2,1,1
3129,2,97,82,3,88,12,0,1,2,2,1,1
3130,86,96,98,1,50,85,0,1,2,2,1,1
3131,90,86,59,71,43,19,0,1,2,2,1,1
3132,47,62,74,83,12,85,0,1,2,2,1,1
3133,52,48,23,71,26,78,0,1,2,2,1,0
3134,73,82,0,75,37,46,0,1,2,2,1,0
3135,85,68,98,39,40,86,0,1,2,2,1,0
3136,86,98,8,11,95,0,0,1,2,2,1,0
3137,39,56,4,43,58,77,0,1,2,2,1,0
3138,0,21,58,11,73,5,2,1,2,2,1,0
3139,33,43,10,57,17,48,2,1,2,2,1,0
3140,6,55,84,7,90,79,2,1,2,2,1,0
3141,94,94,62,79,94,38,2,1,2,2,1,0
3142,40,87,34,20,80,96,2,1,2,2,1,0
3143,5,83,67,23,57,18,2,1,2,2,1,0
3144,3,23,85,16,36,11,2,1,2,2,1,0
3145,28,35,38,34,91,19,2,1,2,0,1,0
3146,8,68,50,88,0,62,2,1,2,0,2,0
3147,61,81,31,53,67,51,2,1,2,0,2,0
3148,5,9,52,10,60,6,2,1,2,0,2,0
3149,38,66,67,68,14,64,2,1,2,0,2,0
3150,98,58,48,27,1,3,2,1,2,0,2,0
3151,85,73,50,50,59,87,2,1,2,0,2,0
3152,29,32,87,9,32,13,2,1,2,0,2,0
3153,44,37,35,61,38,30,2,1,2,0,2,0
3154,47,21,72,46,58,97,2,1,2,0,2,0
3155,62,77,34,96,31,5,2,1,2,0,2,0
3156,68,55,33,44,32,76,2,1,2,0,2,0
3157,72,54,97,9,63,72,2,1,2,0,2,0
3158,43,21,55,99,31,12,2,1,2,0,2,0
3159,74,66,30,7,38,93,2,1,2,0,2,0
3160,92,12,40,85,83,70,2,1,2,0,2,0
3161,64,3,16,9,64,71,2,1,2,0,2,0
3162,93,84,61,27,29,77,2,1,2,0,2,0
3163,98,12,55,69,63,87,2,1,2,0,2,0
3164,0,91,74,51,82,69,2,1,2,0,2,0
3165,26,11,50,87,84,96,2,1,2,0,2,0
3166,87,36,79,52,32,1,2,1,2,0,2,0
3167,98,20,44,53,87,52,2,1,2,0,2,0
3168,46,13,95,32,61,62,2,1,2,0,2,0
3169,81,4,78,78,37,73,2,1,2,0,2,0
3170,87,44,35,73,92,96,2,1,2,0,2,0
3171,28,83,10,81,26,3,2,1,2,0,2,0
3172,83,8,24,9,68,81,2,1,2,0,2,0
3173,35,4,46,54,13,20,2,1,2,0,2,0
3174,4,8,19,52,38,36,2,1,2,0,2,0
3175,52,79,56,55,29,79,2,1,2,0,2,0
3176,31,49,55,34,50,73,2,1,2,0,2,0
3177,64,64,64,21,16,72,2,1,2,0,2,0
3178,49,74,79,83,19,7,2,1,2,0,2,0
3179,14,65,0,74,16,50,2,1,2,0,2,0
3180,48,40,10,0,23,92,2,1,2,0,2,0
3181,26,99,52,58,44,31,2,1,1,0,2,0
3182,96,58,84,49,26,28,2,1,1,0,2,0
3183,37,97,79,42,36,58,2,1,1,0,2,0
3184,56,12,64,48,40,39,2,0,1,0,2,0
3185,8,76,99,87,51,11,2,0,1,0,2,0
3186,56,77,35,56,1,21,2,0,1,0,2,0
3187,13,10,98,98,22,53,2,0,1,0,2,0
3188,75,15,22,71,15,34,2,0,1,0,2,0
3189,42,7,88,48,37,17,2,0,1,0,2,0
3190,37,74,50,51,15,69,2,0,1,0,2,0
3191,23,44,43,24,46,44,2,0,1,0,2,0
3192,9,39,64,50,64,63,2,0,1,0,2,0
3193,30,30,36,60,19,59,2,0,1,0,2,0
3194,99,84,70,2,78,16,2,0,1,0,2,0
3195,2,7,6,48,41,95,2,0,1,0,2,0
3196,54,88,82,93,56,4,2,0,1,0,2,1
3197,66,69,73,92,71,37,2,0,1,1,2,1
3198,57,94,76,70,87,62,2,0,1,1,2,1
3199,69,81,30,82,58,69,2,0,1,1,2,1
3200,39,93,63,24,67,45,2,0,1,1,2,1
3201,31,97,92,89,90,57,2,0,1,1,2,1
3202,74,23,84,91,81,61,2,0,1,1,2,1
3203,26,97,34,4,55,63,2,0,1,1,2,1
3204,6,42,47,44,98,79,2,0,1,1,2,1
3205,7,53,57,83,36,5,2,0,1,1,2,1
3206,39,48,92,97,38,76,2,0,1,1,0,1
3207,21,73,62,27,79,60,2,0,1,1,0,1
3208,43,2,18,65,6,36,2,0,1,1,0,1
3209,75,99,8,52,20,66,1,0,1,1,0,1
3210,27,55,91,98,52,48,1,0,1,1,0,1
3211,8,27,50,3,81,84,1,0,1,1,0,1
3212,16,72,81,26,75,59,1,0,1,1,0,1
3213,69,92,41,88,25,42,1,0,1,1,0,1
3214,96,9,7,57,33,33,1,0,1,1,0,1
3215,41,89,89,12,55,80,1,0,1,1,0,1
3216,19,91,54,74,26,29,1,0,1,1,0,1
3217,53,46,5,79,71,82,1,0,1,1,0,1
3218,54,70,12,13,85,3,1,0,1,1,0,1
3219,18,84,36,88,73,63,1,0,1,1,0,1
3220,85,73,38,46,50,42,1,0,1,1,0,1
3221,91,4,40,88,86,65,1,0,1,1,0,1
3222,86,36,90,22,98,91,1,0,1,1,0,1
3223,49,51,68,48,80,88,1,0,1,1,0,1
3224,77,96,8,92,68,80,1,0,1,0,0,1
3225,93,47,76,59,83,20,1,0,1,0,0,1
3226,33,4,96,87,26,4,1,0,1,0,0,1
3227,56,69,11,34,44,85,1,0,1,0,0,1
3228,86,79,70,32,18,53,1,0,1,0,0,1
3229,88,64,32,25,35,35,1,0,1,0,0,1
3230,30,70,69,62,38,86,1,0,1,0,0,1
3231,4,6,91,70,99,47,1,0,1,0,0,1
3232,66,95,0,5,1,49,1,0,2,0,0,2
3233,53,39,68,76,40,43,1,0,2,0,0,2
3234,3,48,93,27,42,12,1,0,2,0,1,2
3235,66,5,57,29,93,46,1,0,2,0,1,2
3236,81,0,66,23,51,86,1,0,2,0,1,2
3237,66,89,3,32,74,75,1,0,2,0,1,2
3238,57,49,40,57,58,15,1,0,2,0,1,2
3239,46,4,10,62,37,38,1,0,2,0,1,2
3240,36,19,36,10,43,71,1,0,2,0,1,2
3241,44,97,57,19,71,0,1,0,2,0,1,2
3242,0,21,49,53,82,52,1,0,2,0,1,2
3243,21,93,79,69,81,96,1,0,2,0,1,2
3244,45,59,23,83,75,21,1,0,2,0,1,2
3245,10,11,2,22,44,93,1,0,2,0,1,2
3246,91,12,39,35,85,68,1,0,2,0,1,2
3247,76,51,0,31,7,95,1,0,2,0,1,2
3248,68,77,14,71,45,62,1,0,2,0,1,2
3249,33,18,70,3,57,82,1,0,2,0,1,2
3250,30,88,46,1,29,57,1,0,2,0,1,2
3251,3,12,19,90,6,55,1,0,2,0,1,2
3252,80,75,30,12,33,49,1,0,2,0,1,2
3253,30,30,13,40,1,39,1,0,2,0,1,2
3254,79,17,50,46,28,48,1,0,2,0,1,2
3255,29,73,92,72,38,45,1,2,2,0,1,2
3256,80,60,15,22,34,78,1,2,2,0,1,2
3257,3,83,50,26,86,56,1,2,2,0,1,1
3258,72,6,88,54,1,45,1,2,2,0,1,1
3259,95,39,28,41,20,60,1,2,2,0,1,1
3260,0,84,7,12,42,94,1,2,2,0,1,1
3261,70,94,46,60,46,44,1,2,2,0,1,1
3262,45,39,68,85,15,14,2,2,2,0,1,1
3263,2,69,41,77,66,92,2,2,2,0,1,1
3264,98,29,30,64,82,82,2,2,2,0,1,1
3265,20,1,2,18,49,35,2,2,2,0,1,1
3266,73,43,92,3,71,38,2,2,2,2,1,1
3267,37,31,64,82,39,48,2,2,2,2,1,1
3268,44,47,9,22,8,47,2,2,2,2,1,1
3269,23,99,91,28,50,29,2,2,0,2,1,1
3270,83,67,49,44,8,19,2,2,0,2,1,1
3271,61,89,50,72,41,20,2,2,0,2,1,1
3272,12,55,30,68,38,85,2,2,0,2,1,1
3273,13,85,67,75,17,21,2,2,0,2,1,1
3274,0,22,89,78,76,40,2,2,0,2,1,1
3275,77,73,53,81,17,14,2,2,0,2,1,1
3276,4,30,22,10,95,62,2,2,0,2,1,1
3277,33,14,62,92,84,35,2,2,0,2,1,0
3278,67,68,36,99,42,80,2,2,0,2,1,0
3279,82,44,9,42,45,3,2,2,0,2,1,0
3280,23,9,19,68,49,70,2,2,0,2,1,0
3281,56,66,68,87,73,27,2,2,0,2,1,0
3282,50,20,24,77,86,79,2,2,0,2,1,0
3283,99,64,19,9,61,12,2,2,0,2,1,0
3284,24,90,87,58,82,21,2,2,0,2,1,0
3285,28,57,85,80,79,10,2,2,0,2,1,0
3286,97,45,23,96,98,88,2,2,0,2,1,0
3287,53,31,30,80,91,95,2,2,0,2,1,0
3288,43,84,22,0,81,94,2,2,0,2,1,0
3289,75,2,80,93,57,97,2,2,0,2,1,0
3290,43,89,5,64,6,59,2,2,2,2,1,0
3291,24,87,64,1,18,18,2,2,2,2,1,0
3292,3,78,47,52,60,19,2,2,2,2,1,0
3293,67,46,32,79,81,7,2,2,2,2,1,0
3294,57,8,8,22,29,18,2,2,2,2,1,0
3295,20,6,98,56,81,90,2,2,2,2,0,0
3296,24,60,8,57,28,44,2,2,2,2,0,0
3297,53,24,23,64,32,75,2,2,2,2,0,0
3298,26,53,78,62,29,12,2,2,2,2,0,0
3299,58,70,56,21,42,75,2,2,2,2,0,0
3300,30,36,31,40,29,32,2,2,2,2,0,0
3301,79,96,41,4,72,13,2,2,2,2,0,0
3302,83,76,13,28,15,2,2,2,2,2,0,0
3303,10,40,91,98,69,14,2,2,2,2,0,0
3304,30,32,77,19,36,29,2,2,2,2,0,0
3305,48,83,28,11,52,12,2,2,2,2,0,0
3306,30,15,96,8,87,21,2,2,2,2,0,0
3307,36,16,37,97,11,41,2,2,2,2,0,0
3308,29,24,66,18,14,79,2,2,2,2,0,0
3309,36,89,33,11,2,21,2,2,2,2,0,0
3310,92,17,83,10,20,12,2,2,2,1,0,0
3311,47,10,67,74,36,35,2,2,2,1,0,0
3312,51,37,63,8,59,71,2,2,2,1,0,0
3313,38,19,60,99,48,39,2,2,2,1,0,0
3314,57,82,2,45,63,49,2,2,2,1,0,0
3315,79,22,63,55,95,31,2,2,2,1,0,0
3316,73,52,30,20,55,99,2,2,2,1,0,0
3317,67,73,0,9,86,80,2,2,2,1,0,0
3318,33,82,51,52,69,49,2,2,2,1,0,0
3319,19,24,97,7,90,90,2,2,2,1,0,0
3320,28,55,54,93,78,49,2,2,2,1,0,0
3321,80,6,53,73,28,37,2,2,2,1,0,0
3322,65,68,90,15,42,80,2,2,2,1,0,0
3323,21,41,36,48,25,89,2,2,2,1,0,0
3324,17,16,99,1,44,46,2,2,2,1,0,0
3325,43,5,90,93,16,68,2,2,2,1,1,0
3326,44,86,48,17,65,59,2,2,2,1,1,0
3327,86,92,55,80,4,1,2,0,2,1,1,0
3328,95,82,76,5,64,81,2,0,2,1,1,0
3329,50,68,90,52,17,87,0,0,2,1,1,0
3330,63,82,18,62,22,52,0,0,2,1,1,0
3331,59,22,33,91,12,32,0,0,2,2,1,0
3332,21,53,20,39,99,25,0,0,2,2,1,0
3333,31,83,50,2,66,62,0,0,2,2,1,0
3334,40,26,76,81,19,51,0,0,2,2,1,0
3335,68,51,60,63,29,31,0,0,2,2,1,0
3336,67,20,18,32,86,35,0,0,2,2,1,0
3337,19,62,48,6,59,75,0,0,2,2,1,0
3338,76,70,72,35,42,6,0,0,2,2,1,1
3339,73,41,42,16,33,39,0,0,2,2,1,1
3340,62,4,99,65,43,23,0,0,2,2,1,1
3341,39,11,90,36,90,8,0,0,2,2,1,1
3342,43,54,91,70,70,51,0,0,2,2,1,1
3343,29,89,15,8,76,45,0,0,2,2,1,1
3344,57,8,12,59,67,46,0,0,2,2,1,1
3345,73,80,3,33,56,33,0,0,2,2,1,1
3346,23,39,13,81,82,61,0,0,2,2,1,1
3347,83,49,24,82,47,39,0,0,2,2,1,1
3348,45,27,41,71,92,36,0,0,2,2,1,1
3349,61,69,86,84,4,48,0,0,1,2,1,1
3350,47,79,75,20,31,98,0,0,1,2,1,1
3351,85,32,4,34,35,3,0,0,1,2,1,1
3352,30,80,97,77,97,6,0,0,1,2,1,1
3353,57,51,66,41,83,30,0,0,1,2,1,1
3354,90,7,89,92,41,90,0,0,1,2,1,1
3355,97,61,81,88,33,33,0,0,1,2,1,1
3356,90,49,25,36,10,77,0,0,1,2,1,1
3357,53,67,17,5,5,61,0,0,1,2,1,1
3358,9,38,22,63,1,83,0,0,1,2,1,1
3359,29,12,59,64,45,86,0,0,1,2,1,1
3360,62,23,27,62,7,54,0,0,1,2,1,1
3361,67,58,34,82,78,8,0,0,1,2,1,1
3362,80,48,21,93,10,5,0,0,1,2,1,1
3363,35,31,57,13,76,81,0,0,1,2,1,1
3364,52,34,41,93,61,25,0,0,1,2,1,1
3365,82,77,97,20,6,75,0,0,1,2,1,1
3366,52,82,77,33,60,20,0,0,1,2,1,1
3367,92,70,32,29,39,60,0,0,1,2,1,1
3368,3,36,88,18,66,54,0,0,1,2,1,1
3369,49,97,18,22,57,76,0,0,1,2,1,1
3370,88,55,5,62,33,99,0,0,1,0,1,1
3371,46,68,38,60,20,4,0,0,1,0,1,1
3372,34,83,39,35,29,10,0,1,1,0,1,1
3373,38,25,69,11,46,72,0,1,1,0,1,1
3374,68,64,25,73,69,55,0,1,1,0,1,1
3375,74,16,65,91,23,33,0,1,1,0,1,1
3376,8,76,3,85,79,45,0,1,1,0,1,1
3377,49,40,23,53,41,35,0,1,1,0,2,1
3378,24,32,65,11,1,69,0,1,1,0,2,1
3379,93,69,12,60,75,72,1,1,1,0,2,1
3380,96,30,6,79,81,52,1,1,1,0,2,1
3381,99,70,53,70,45,56,1,1,1,0,2,1
3382,15,55,95,26,48,71,1,1,1,0,2,1
3383,24,5,0,52,20,13,1,1,1,0,2,1
3384,50,67,18,15,35,50,1,1,1,0,2,1
3385,9,80,97,77,41,63,1,1,1,0,2,1
3386,6,30,70,57,4,86,1,1,1,0,2,1
3387,7,94,54,18,99,91,1,1,1,0,2,1
3388,82,96,88,87,49,55,1,1,2,0,2,1
3389,10,50,85,31,15,49,1,1,2,0,2,1
3390,58,30,5,34,88,85,1,1,2,0,2,1
3391,47,97,43,83,60,64,1,1,2,0,2,1
3392,33,6,31,17,84,2,1,1,2,0,2,1
3393,1,26,29,44,14,22,1,1,2,0,2,1
3394,26,53,81,27,96,54,1,1,2,0,2,1
3395,12,48,16,20,25,19,1,1,2,0,2,1
3396,58,25,79,89,85,38,1,1,2,0,2,1
3397,6,42,0,90,44,2,1,1,2,0,2,1
3398,13,12,57,95,90,10,0,1,2,0,2,1
3399,19,69,4,77,63,92,0,1,2,0,2,1
3400,70,64,5,90,30,13,0,1,2,0,2,1
3401,62,16,26,5,46,5,0,1,2,0,2,1
3402,15,35,62,71,45,11,0,1,2,0,2,1
3403,7,42,21,49,48,84,0,1,2,2,2,1
3404,47,0,85,6,0,35,0,1,2,2,2,1
3405,52,55,16,47,24,75,0,1,2,2,2,1
3406,59,1,90,57,31,1,0,1,2,2,2,1
3407,16,98,66,93,59,88,0,1,2,2,2,1
3408,79,68,91,68,38,71,0,1,2,2,2,1
3409,98,9,47,53,0,70,0,1,2,2,2,1
3410,73,20,23,31,20,55,0,1,2,2,2,1
3411,72,61,5,93,53,75,0,1,2,2,2,1
3412,48,11,92,27,83,63,0,1,2,2,2,1
3413,79,86,59,88,9,9,0,1,2,2,2,0
3414,46,28,15,64,96,97,1,1,2,2,1,0
3415,67,49,87,65,31,7,1,1,2,2,1,0
3416,63,33,6,62,96,37,1,1,1,2,1,0
3417,75,87,35,58,57,25,1,0,1,2,1,0
3418,89,25,9,18,80,54,1,0,1,2,1,0
3419,26,37,45,95,73,22,1,0,1,2,1,0
3420,35,78,39,45,94,86,1,0,1,2,1,0
3421,66,37,11,4,59,51,1,0,1,2,1,0
3422,16,68,12,71,2,80,1,0,1,2,1,0
3423,13,71,42,8,88,1,1,0,1,2,1,0
3424,97,24,24,32,8,32,1,0,1,2,1,0
3425,57,33,53,30,80,56,1,0,1,2,1,0
3426,58,81,64,54,58,90,1,0,1,2,1,0
3427,84,14,27,90,21,37,1,0,1,2,1,0
3428,54,45,70,10,13,6,1,0,1,2,1,0
3429,9,14,88,76,73,28,1,0,1,2,1,0
3430,20,81,59,26,29,96,1,0,1,2,1,0
3431,9,71,0,72,62,72,1,0,1,2,1,0
3432,10,27,86,44,86,48,1,0,1,2,1,0
3433,19,99,5,64,21,13,1,0,1,2,1,0
3434,51,68,26,11,74,45,1,0,1,2,1,0
3435,31,2,10,5,36,26,1,0,1,1,1,0
3436,59,89,50,15,47,73,1,0,1,1,1,0
3437,74,99,87,23,3,2,1,0,1,1,1,0
3438,7,29,7,49,96,91,1,0,1,1,1,0
3439,64,52,76,10,50,4,1,0,1,1,1,0
3440,24,48,69,5,2,2,1,0,1,1,1,0
3441,41,28,46,45,6,41,1,0,1,1,1,0
3442,79,82,81,35,36,36,1,0,1,1,1,0
3443,30,91,50,76,84,44,1,0,1,1,1,0
3444,54,92,91,3,21,84,0,0,1,1,1,0
3445,9,20,69,35,58,79,0,2,1,1,1,0
3446,56,86,33,70,4,69,0,2,1,1,1,0
3447,92,99,49,38,5,10,0,2,1,1,1,0
3448,54,66,59,66,16,78,0,2,2,1,1,0
3449,63,33,21,23,33,31,0,2,2,1,1,0
3450,47,5,38,92,51,12,0,2,2,1,1,0
3451,34,25,2,88,4,44,0,2,2,1,1,0
3452,0,73,10,7,59,0,0,2,2,1,1,0
3453,5,28,93,79,39,25,0,2,2,1,1,0
3454,40,80,15,60,64,26,0,2,2,1,2,0
3455,12,27,4,98,70,86,0,2,2,1,2,0
3456,41,37,85,43,0,13,0,2,2,1,2,0
3457,32,22,33,65,73,15,0,2,2,1,2,0
3458,63,69,41,18,62,45,0,2,2,1,2,0
3459,11,13,28,44,9,78,0,2,2,0,2,0
3460,2,51,41,85,74,17,0,2,2,0,2,0
3461,42,80,36,18,65,61,0,2,2,0,2,0
3462,25,84,77,58,30,24,0,2,2,0,2,0
3463,78,99,15,53,73,44,0,2,2,0,2,0
3464,74,22,50,29,49,63,0,2,2,0,2,0
3465,84,18,34,37,58,27,0,2,2,0,2,0
3466,62,89,10,19,76,69,0,2,2,0,2,0
3467,28,79,58,1,64,84,0,2,2,0,2,0
3468,76,62,14,65,84,29,0,2,2,0,2,1
3469,84,96,58,16,52,27,0,2,2,0,2,1
3470,27,62,37,87,18,8,0,2,2,0,2,1
3471,53,71,0,0,73,88,0,2,2,0,2,1
3472,41,60,94,96,16,28,0,2,2,0,2,1
3473,82,75,68,98,23,14,0,2,2,0,2,1
3474,0,67,2,60,50,42,0,2,2,0,2,1
3475,28,13,14,79,73,82,0,2,1,0,2,1
3476,34,78,12,82,8,44,0,2,1,0,2,1
3477,66,59,10,7,88,5,0,2,1,0,2,1
3478,24,6,28,91,32,27,0,0,1,0,2,1
3479,37,47,60,90,5,69,0,0,1,0,2,1
3480,29,68,2,31,72,90,0,0,1,0,2,1
3481,11,94,61,62,73,17,0,0,1,0,2,1
3482,92,41,57,31,78,32,0,0,1,0,2,1
3483,88,50,66,68,47,0,0,0,1,0,2,1
3484,72,62,29,62,5,47,0,0,1,0,2,1
3485,86,38,92,58,54,71,0,0,1,0,2,1
3486,79,76,39,1,13,86,0,0,1,0,2,1
3487,97,21,61,42,47,21,0,0,1,0,2,1
3488,65,89,5,98,99,79,0,0,1,0,2,1
3489,82,44,67,54,11,23,0,0,1,0,2,1
3490,21,80,23,56,9,2,0,0,1,0,2,1
3491,2,82,49,55,7,81,0,0,1,0,2,1
3492,49,46,41,18,19,21,0,0,1,0,2,1
3493,43,14,43,81,51,94,0,0,1,0,2,1
3494,80,80,13,94,90,32,0,0,1,0,2,1
3495,3,43,32,52,97,44,0,0,1,0,2,1
3496,76,97,57,96,3,84,0,0,1,0,2,1
3497,98,98,94,59,62,57,0,0,1,0,2,1
3498,58,3,38,6,16,30,0,0,1,0,2,1
3499,57,13,48,85,91,18,0,0,1,0,2,1
3500,85,91,15,26,77,62,0,0,1,0,2,1
3501,20,58,34,34,23,78,0,0,1,0,2,1
3502,77,73,61,74,83,12,0,0,1,0,2,1
3503,22,32,3,56,29,63,0,0,1,0,2,1
3504,10,64,71,59,0,20,0,0,1,0,2,1
3505,4,28,82,68,17,56,0,0,1,0,2,1
3506,58,72,0,64,34,53,0,0,1,0,1,1
3507,79,95,39,86,30,47,0,0,1,0,1,1
3508,22,88,92,31,40,33,0,0,1,0,1,1
3509,67,81,49,51,67,60,0,0,1,0,1,1
3510,0,35,70,19,30,40,2,0,1,2,1,1
3511,21,73,53,11,94,92,2,0,1,2,1,1
3512,50,33,44,31,97,76,2,0,1,2,1,1
3513,53,67,16,71,17,47,2,0,1,2,1,1
3514,50,7,68,57,3,29,2,0,1,2,1,1
3515,26,55,90,3,32,0,2,0,1,2,1,1
3516,95,30,45,77,51,87,2,0,1,2,1,0
3517,83,69,62,27,13,28,2,1,1,2,1,0
3518,29,0,28,57,54,13,2,1,1,2,1,0
3519,10,34,92,28,77,28,2,1,1,2,1,0
3520,51,23,4,94,96,6,2,1,1,2,1,0
3521,0,55,93,91,67,11,2,1,1,2,1,0
3522,32,75,68,11,64,6,2,1,1,2,1,0
3523,74,11,0,24,41,49,2,1,1,2,1,0
3524,7,43,73,18,68,61,2,1,1,2,1,0
3525,62,51,89,50,19,77,2,1,1,2,1,0
3526,66,89,59,74,26,33,2,1,1,2,1,0
3527,85,45,7,3,89,71,2,1,1,2,1,0
3528,51,92,63,72,80,21,2,1,0,2,1,0
3529,6,45,68,16,36,97,2,1,0,2,1,0
3530,98,96,94,56,91,4,2,1,0,2,1,0
3531,92,44,31,74,20,17,2,1,0,2,1,0
3532,38,54,17,41,86,44,2,1,0,2,1,0
3533,82,18,64,45,18,12,2,1,0,2,1,0
3534,36,4,10,64,8,81,2,1,0,2,1,0
3535,28,86,1,86,12,64,2,1,0,2,1,0
3536,0,42,76,70,80,8,2,0,0,2,1,0
3537,44,19,82,94,70,30,2,0,0,2,1,0
3538,62,5,33,1,20,32,2,0,0,2,1,0
3539,20,40,2,57,23,11,2,0,0,0,1,0
3540,70,51,33,19,50,10,2,0,0,0,1,0
3541,20,71,25,83,13,7,2,0,0,0,1,0
3542,44,16,33,11,75,16,2,0,0,0,1,0
3543,77,20,75,20,24,44,2,0,0,0,1,0
3544,91,50,11,9,86,84,2,0,0,0,1,0
3545,67,39,15,18,63,13,2,0,0,0,1,0
3546,29,15,69,7,33,79,2,0,0,0,1,0
3547,90,76,63,1,79,25,2,0,0,0,1,0
3548,26,64,32,41,46,92,2,0,0,0,0,0
3549,58,80,96,69,86,74,1,0,0,0,0,0
3550,49,64,11,60,62,26,1,0,0,0,0,0
3551,40,95,94,62,14,38,1,0,0,0,0,0
3552,63,5,66,60,46,60,1,0,0,0,0,0
3553,21,75,80,8,69,15,1,0,0,0,0,0
3554,57,34,15,36,63,71,1,0,0,0,0,0
3555,14,62,28,1,45,23,1,0,0,0,0,0
3556,2,93,67,28,24,25,1,0,0,0,0,0
3557,49,52,79,70,11,49,1,0,0,0,0,0
3558,88,69,48,69,97,58,1,0,0,0,0,0
3559,87,71,26,49,53,31,1,0,0,0,0,0
3560,51,32,56,97,9,29,1,0,0,0,0,0
3561,76,81,75,19,95,35,1,0,0,0,0,0
3562,14,49,19,4,78,19,1,0,0,0,0,0
3563,53,12,58,70,24,43,1,0,0,0,0,0
3564,74,52,53,9,93,41,1,0,0,0,0,0
3565,98,17,90,76,13,14,1,0,0,0,0,2
3566,97,65,72,38,33,33,1,0,0,0,0,2
3567,48,77,12,96,22,81,1,0,0,0,0,2
3568,17,10,16,61,5,59,1,0,0,0,0,2
3569,75,93,28,27,80,81,1,0,0,0,0,2
3570,50,60,38,76,51,47,1,0,0,0,0,2
3571,1,24,92,56,36,45,1,0,0,0,0,2
3572,59,69,37,75,28,68,1,0,0,0,0,2
3573,32,27,7,42,16,52,1,0,0,0,0,2
3574,21,76,21,87,13,10,1,0,0,0,0,2
3575,14,60,83,35,64,62,1,0,0,2,0,2
3576,48,41,73,59,98,68,1,0,0,2,0,2
3577,55,77,77,96,79,41,1,0,0,2,0,2
3578,53,4,91,45,40,9,1,0,0,2,0,2
3579,81,34,69,27,15,85,1,1,0,2,0,2
3580,31,8,39,36,95,45,1,1,0,2,0,2
3581,47,24,63,92,54,75,1,1,0,2,0,2
3582,79,5,43,93,9,87,1,1,0,2,0,2
3583,68,35,37,3,93,2,1,1,0,2,0,2
3584,48,31,5,55,87,24,1,1,0,2,0,2
3585,57,3,68,36,11,4,1,1,0,2,0,2
3586,28,49,32,92,4,49,1,1,0,2,0,2
3587,51,69,10,77,61,56,1,1,0,2,0,2
3588,2,52,16,28,13,65,1,1,0,2,0,2
3589,87,58,33,67,62,43,1,1,0,2,0,2
3590,93,62,37,53,42,0,1,1,0,2,0,2
3591,36,16,59,80,59,95,1,1,0,2,0,2
3592,51,51,31,93,21,18,1,1,0,2,0,2
3593,62,69,42,10,1,8,1,1,0,2,0,2
3594,47,21,15,32,3,64,1,1,0,2,0,2
3595,8,19,59,90,20,30,1,1,0,2,0,2
3596,13,16,8,79,2,39,1,1,0,2,0,2
3597,84,88,63,90,52,91,1,1,0,2,0,2
3598,38,93,10,74,63,20,1,1,0,2,0,2
3599,39,23,23,73,18,11,1,1,1,2,0,2
3600,32,36,60,8,60,19,1,1,1,2,0,2
3601,85,12,81,48,91,38,1,1,1,2,0,2
3602,42,8,6,73,44,76,1,1,1,2,0,2
3603,92,6,2,49,7,64,0,1,1,2,0,2
3604,46,88,92,65,4,26,0,1,1,2,0,2
3605,60,72,44,43,0,87,0,1,1,2,0,2
3606,41,63,11,24,3,94,0,1,1,2,0,2
3607,68,11,93,54,44,76,0,1,1,2,0,2
3608,33,98,85,75,17,59,0,1,1,2,0,2
3609,69,25,44,67,55,26,0,1,1,2,0,2
3610,14,15,9,2,70,19,0,1,1,2,0,2
3611,43,7,57,12,64,67,0,1,1,2,0,2
3612,46,62,13,84,21,51,0,1,1,2,0,2
3613,78,10,61,24,5,55,0,1,1,2,0,2
3614,45,80,63,90,15,16,0,1,1,2,0,2
3615,84,15,83,77,71,56,0,2,1,2,0,2
3616,41,35,33,3,24,64,0,2,1,2,0,0
3617,23,32,3,86,18,47,0,2,1,2,0,0
3618,49,25,98,17,2,45,0,2,1,2,0,0
3619,61,74,69,50,1,98,0,2,1,2,1,0
3620,38,36,18,90,27,69,0,2,1,2,1,0
3621,40,13,19,8,87,20,0,2,1,2,1,0
3622,3,28,20,69,62,47,0,2,1,2,1,0
3623,71,10,86,91,58,44,0,2,1,2,1,0
3624,55,91,85,28,17,23,0,2,1,2,1,0
3625,70,26,70,77,63,19,0,2,1,2,1,0
3626,60,33,61,46,40,95,0,2,1,2,1,0
3627,3,11,40,32,44,47,0,2,1,2,1,0
3628,66,38,9,29,7,64,0,2,1,2,1,0
3629,60,40,80,16,53,29,0,2,1,2,1,0
3630,89,60,7,33,65,70,0,0,1,2,1,0
3631,5,25,81,68,50,48,0,0,1,2,1,0
3632,3,6,69,93,54,18,0,0,1,2,1,0
3633,47,67,53,51,49,76,0,0,1,2,1,0
3634,37,25,2,28,71,34,0,0,1,2,1,0
3635,49,77,7,84,42,91,0,0,1,2,1,0
3636,1,62,43,69,79,83,0,0,1,2,1,0
3637,87,29,48,17,85,44,0,0,1,2,1,0
3638,2,52,11,26,10,52,0,0,1,0,1,0
3639,36,27,42,85,52,75,0,0,1,0,1,0
3640,99,92,33,89,24,69,0,0,1,0,1,0
3641,12,77,3,15,11,6,0,0,1,0,1,0
3642,92,45,38,64,78,37,0,0,1,0,1,0
3643,19,53,78,32,52,16,0,0,1,0,1,0
3644,41,24,6,93,19,70,0,0,1,0,1,0
3645,79,16,67,20,69,21,0,0,1,0,1,0
3646,90,18,6,26,46,67,0,0,1,0,1,0
3647,88,85,31,78,36,2,0,0,1,0,1,0
3648,57,91,54,56,50,17,0,0,1,0,1,0
3649,33,74,82,72,6,96,0,0,1,0,2,0
3650,28,31,92,51,79,75,1,0,1,0,2,0
3651,60,57,41,58,72,84,1,0,1,0,2,0
3652,63,11,11,39,98,62,1,0,1,0,2,0
3653,41,41,50,83,9,53,1,0,1,0,2,0
3654,31,32,39,29,7,61,1,0,1,0,2,0
3655,40,65,98,35,83,89,1,0,1,0,2,0
3656,67,16,19,93,75,62,1,0,1,0,2,0
3657,93,91,63,25,82,53,1,0,1,0,2,0
3658,79,35,36,90,48,17,1,0,1,0,2,0
3659,78,72,2,72,1,7,1,0,1,0,2,0
3660,51,53,20,71,96,38,1,0,1,0,2,0
3661,13,57,84,84,68,88,1,0,1,0,2,0
3662,57,76,71,76,73,93,1,0,1,0,2,0
3663,26,47,62,33,89,82,1,0,1,0,2,1
3664,90,61,23,41,93,61,1,0,1,0,2,1
3665,8,95,98,32,75,34,1,0,2,0,2,1
3666,0,22,25,43,61,3,1,0,2,0,2,1
3667,11,8,82,37,65,96,1,0,2,0,2,1
3668,29,82,3,30,44,28,1,0,2,0,2,1
3669,80,11,12,64,28,69,1,0,2,0,2,1
3670,23,43,73,15,97,85,1,0,2,0,2,1
3671,75,32,9,72,3,60,1,0,2,0,2,1
3672,40,22,78,12,83,21,1,0,2,0,2,1
3673,76,77,23,40,56,30,1,0,2,0,2,1
3674,85,4,7,4,93,56,1,0,2,0,2,1
3675,19,86,35,39,91,45,1,0,2,0,2,1
3676,77,42,26,5,24,53,1,0,2,0,2,1
3677,73,52,24,81,95,56,1,0,2,0,2,1
3678,12,55,10,48,30,61,1,0,2,0,2,1
3679,84,25,56,97,77,65,1,0,2,0,2,1
3680,52,22,38,54,24,66,1,0,2,0,2,1
3681,93,15,49,95,1,10,1,0,2,0,2,1
3682,27,71,22,50,18,42,1,0,2,0,2,1
3683,30,14,11,52,6,60,1,0,2,0,2,1
3684,15,73,78,10,36,11,1,0,2,0,2,1
3685,3,8,61,78,64,97,1,0,2,0,2,1
3686,50,73,32,36,68,21,1,0,2,0,2,1
3687,60,49,56,71,97,47,1,1,2,0,2,1
3688,35,2,19,1,43,63,1,1,2,0,2,1
3689,62,65,78,41,63,45,1,1,1,0,2,1
3690,82,82,44,73,16,32,1,1,1,0,2,1
3691,81,59,36,57,66,27,1,1,1,0,2,1
3692,68,83,75,69,32,0,1,1,1,0,2,1
3693,50,45,51,44,7,46,1,1,1,0,2,1
3694,33,49,84,53,73,68,1,1,1,0,2,1
3695,86,66,39,58,67,23,1,1,1,0,2,1
3696,4,72,15,35,43,8,1,1,1,0,2,1
3697,68,13,39,93,42,95,1,1,1,0,2,1
3698,43,16,61,42,57,94,1,1,1,0,2,1
3699,7,80,90,54,55,11,1,1,1,0,2,1
3700,44,28,85,18,75,30,0,1,1,0,2,1
3701,26,72,97,86,1,73,0,1,1,0,2,1
3702,50,87,52,50,75,15,0,1,1,0,2,1
3703,4,52,92,49,43,99,0,1,1,1,2,1
3704,29,37,74,73,51,57,0,1,1,1,2,1
3705,57,63,27,77,45,9,0,1,1,1,2,1
3706,69,87,93,27,1,73,0,1,1,1,2,1
3707,9,76,4,85,20,43,0,1,1,1,2,1
3708,13,73,96,24,57,98,0,1,1,1,2,1
3709,54,31,2,82,84,80,0,1,1,1,2,1
3710,8,72,41,7,11,6,0,1,1,1,2,1
3711,69,61,62,21,40,57,0,1,1,1,2,1
3712,79,91,75,39,97,53,0,1,1,1,2,1
3713,25,29,53,0,85,35,0,1,1,1,2,1
3714,81,0,3,58,76,50,0,1,1,1,2,1
3715,70,18,5,24,97,60,0,1,1,1,2,1
3716,57,52,81,98,38,77,0,1,1,1,2,1
3717,60,2,3,96,84,47,0,0,1,1,2,1
3718,59,71,27,89,53,76,0,0,1,1,2,1
3719,39,60,81,91,34,86,0,0,1,1,2,1
3720,25,80,53,30,0,19,0,0,0,1,2,1
3721,74,47,50,80,73,68,0,0,0,1,1,1
3722,20,45,7,44,71,12,0,0,0,1,1,1
3723,24,85,18,88,13,80,0,0,0,1,1,1
3724,96,6,77,37,42,77,0,0,0,1,1,1
3725,18,71,71,79,85,97,0,0,0,1,1,1
3726,87,14,84,55,13,41,0,0,0,1,1,1
3727,17,36,40,66,18,3,0,0,0,1,1,1
3728,12,37,91,29,38,80,0,0,0,1,1,1
3729,37,88,36,58,96,12,0,0,0,1,1,1
3730,56,54,73,0,42,13,0,0,0,1,1,1
3731,76,10,60,91,43,92,0,0,0,1,1,1
3732,16,7,78,10,17,11,0,0,0,1,1,1
3733,87,36,63,62,87,55,0,0,0,1,1,1
3734,36,19,86,23,40,16,0,0,0,1,1,1
3735,15,5,9,27,32,69,0,0,0,1,1,1
3736,31,25,48,84,20,46,0,0,0,1,1,1
3737,99,17,47,15,41,76,0,0,0,1,1,1
3738,88,19,37,80,82,91,0,0,0,1,1,0
3739,89,39,21,70,81,63,0,0,0,1,1,0
3740,77,37,88,63,5,52,0,0,0,1,1,0
3741,33,30,81,35,38,28,0,0,0,1,1,0
3742,13,6,40,21,35,6,0,0,0,1,1,0
3743,44,31,3,89,66,55,0,0,0,1,1,0
3744,26,77,67,42,97,31,1,0,0,1,1,0
3745,32,89,89,91,95,28,1,0,0,1,1,0
3746,31,41,25,98,56,75,1,0,0,1,1,0
3747,68,54,24,89,98,91,1,0,0,1,1,0
3748,13,37,66,44,95,84,1,0,0,1,1,0
3749,60,93,18,2,67,26,1,0,0,1,1,0
3750,1,46,73,42,79,70,1,0,0,1,1,0
3751,47,10,44,1,67,5,1,0,0,1,1,0
3752,56,96,67,38,54,4,1,0,0,1,1,0
3753,85,57,29,5,97,28,1,0,0,1,1,0
3754,86,99,16,35,48,95,1,0,0,1,1,0
3755,67,26,76,6,76,83,1,0,0,1,1,0
3756,84,9,91,64,64,30,1,0,0,1,1,0
3757,45,67,17,29,24,76,1,0,0,1,1,0
3758,95,58,40,82,90,80,1,0,0,1,1,0
3759,38,89,42,59,82,40,1,0,0,1,1,0
3760,39,66,96,3,94,26,1,0,0,1,1,0
3761,42,26,83,50,81,78,1,0,0,1,1,0
3762,55,95,64,24,51,51,1,2,0,1,1,0
3763,32,41,97,56,89,58,1,2,0,1,1,0
3764,1,33,12,25,30,72,1,2,0,1,1,0
3765,32,7,1,88,89,53,1,2,0,1,1,0
3766,98,26,57,79,95,96,1,2,2,1,1,0
3767,11,34,55,5,92,65,1,2,2,1,1,0
3768,59,76,36,30,52,84,1,2,2,1,1,0
3769,97,98,42,62,81,16,1,2,2,1,1,0
3770,11,79,89,8,60,46,1,2,2,1,1,0
3771,79,0,60,12,18,79,1,2,2,1,1,0
3772,60,77,68,76,52,60,1,2,2,0,1,0
3773,72,46,83,25,40,63,1,2,2,0,1,0
3774,86,86,41,17,10,71,1,2,2,0,1,0
3775,8,45,0,19,56,7,1,2,2,0,1,0
3776,56,60,41,76,18,42,0,2,2,0,1,0
3777,6,43,48,88,11,39,0,2,2,0,1,0
3778,71,76,0,15,71,88,0,1,2,0,1,0
3779,25,46,88,56,3,30,0,1,2,0,0,0
3780,78,77,47,98,45,58,0,1,2,0,0,0
3781,54,91,53,86,61,62,0,1,2,0,0,0
3782,75,59,51,43,34,94,0,1,2,0,0,0
3783,1,20,99,92,15,91,0,1,2,0,0,0
3784,83,90,70,43,49,67,0,1,2,0,0,0
3785,8,54,8,61,22,15,0,1,2,0,0,0
3786,32,95,60,6,33,59,0,1,2,0,0,0
3787,94,11,57,79,67,16,0,1,2,0,0,0
3788,49,78,88,2,70,44,0,1,2,0,0,0
3789,91,89,1,45,86,14,0,1,2,0,0,2
3790,53,31,6,9,31,92,0,1,2,0,0,2
3791,92,52,84,81,99,48,0,1,2,0,0,2
3792,79,42,89,26,30,17,0,1,2,0,0,2
3793,39,27,25,32,16,68,0,1,2,0,0,2
3794,35,69,86,21,46,35,0,1,2,0,0,2
3795,4,51,8,93,42,92,0,0,2,0,0,2
3796,35,16,64,25,56,66,0,0,2,0,0,2
3797,30,32,87,7,3,6,0,0,0,0,0,2
3798,8,84,68,84,66,50,0,0,0,0,0,2
3799,92,11,89,44,72,25,0,0,0,0,0,2
3800,52,12,27,38,12,27,0,0,0,0,0,2
3801,2,32,60,54,7,26,0,0,0,0,0,2
3802,46,69,11,8,21,12,0,0,0,0,0,2
3803,37,24,96,60,32,93,0,0,0,0,0,2
3804,77,58,1,30,86,74,0,0,0,0,0,2
3805,33,66,96,93,68,17,0,0,0,0,0,2
3806,78,28,74,37,80,3,0,0,0,2,0,2
3807,44,43,87,53,4,75,0,0,0,2,0,2
3808,10,57,51,11,98,89,0,0,0,2,0,2
3809,54,60,25,3,25,27,0,0,0,2,0,2
3810,27,56,85,12,19,95,0,0,0,2,0,2
3811,45,86,28,85,52,69,0,0,0,2,0,2
3812,2,43,88,69,79,32,0,0,0,2,0,2
3813,93,3,98,57,37,27,0,0,0,2,0,2
3814,43,32,52,53,5,97,0,0,0,2,0,2
3815,61,22,45,97,78,15,0,0,0,2,0,2
3816,57,65,15,61,69,89,0,0,0,2,0,2
3817,6,83,90,90,27,26,0,0,0,2,0,2
3818,85,90,77,84,84,24,0,0,0,2,0,2
3819,38,5,94,88,64,47,0,0,0,2,0,2
3820,26,20,68,78,9,5,0,0,0,2,0,2
3821,25,68,8,29,26,49,0,0,0,2,0,2
3822,11,97,19,47,4,72,0,0,0,2,0,2
3823,33,17,25,93,41,51,0,0,0,2,0,2
3824,47,78,23,67,0,89,0,0,0,2,0,2
3825,26,70,74,15,6,87,0,0,0,2,0,2
3826,45,75,35,49,61,80,0,0,1,2,0,2
3827,80,84,40,67,68,50,0,0,1,2,0,2
3828,95,35,21,28,48,97,0,0,1,2,0,2
3829,20,43,33,65,27,36,0,0,1,2,0,2
3830,49,0,91,33,31,80,0,0,1,2,0,2
3831,21,96,39,57,12,77,0,0,1,2,0,2
3832,26,73,91,4,10,26,0,0,1,2,0,2
3833,16,96,42,91,23,87,0,0,1,2,0,2
3834,38,25,9,47,92,29,0,2,1,2,0,1
3835,45,39,55,45,28,13,0,2,1,2,0,1
3836,28,17,41,78,95,65,0,2,1,2,0,1
3837,91,9,84,27,97,95,0,2,1,2,0,1
3838,26,41,1,14,16,97,0,2,1,2,0,1
3839,95,22,17,8,40,12,0,2,1,2,0,1
3840,42,62,92,35,54,44,0,2,1,2,0,1
3841,74,91,3,12,44,7,0,2,1,2,0,1
3842,18,56,73,23,77,1,0,2,1,2,0,1
3843,23,2,53,24,47,40,0,2,1,2,0,1
3844,17,73,78,82,98,54,1,2,1,2,0,1
3845,72,91,94,0,40,1,1,2,1,2,0,1
3846,97,80,74,47,74,26,1,2,1,2,0,1
3847,86,1,44,88,98,30,1,2,1,2,0,1
3848,5,20,61,31,28,98,1,2,1,2,0,1
3849,23,61,90,13,80,57,1,2,1,2,0,1
3850,61,75,1,6,50,23,1,2,1,2,0,1
3851,40,4,3,60,78,80,1,2,1,2,0,1
3852,85,8,33,7,9,66,1,2,1,2,0,1
3853,13,88,26,76,87,98,1,2,1,2,0,1
3854,57,78,66,62,82,48,1,2,1,2,2,1
3855,78,71,82,15,43,62,1,2,1,2,2,1
3856,9,93,9,31,73,14,1,2,1,2,2,1
3857,20,61,50,42,57,56,1,2,1,2,2,1
3858,42,69,59,69,99,22,1,2,1,2,2,1
3859,56,68,27,8,98,87,1,2,1,2,2,1
3860,57,35,39,68,13,35,1,2,1,2,2,1
3861,33,29,40,42,45,32,1,2,1,2,2,1
3862,55,89,95,49,54,86,1,2,1,2,2,1
3863,5,23,51,42,1,67,1,2,1,2,2,1
3864,28,6,13,67,82,72,1,2,1,2,2,1
3865,10,0,88,98,8,84,1,2,1,2,2,1
3866,36,40,55,66,16,96,1,2,1,2,2,2
3867,79,98,1,50,63,23,1,2,1,2,2,2
3868,66,65,84,55,23,35,1,2,1,2,2,2
3869,59,35,80,39,50,0,1,2,1,2,2,2
3870,24,80,39,92,34,21,1,2,1,2,2,2
3871,64,40,60,64,91,98,1,2,1,2,2,2
3872,23,46,26,98,48,43,1,2,1,2,2,2
3873,16,23,86,86,39,29,1,2,1,2,2,2
3874,2,61,93,59,23,16,1,2,1,1,2,2
3875,55,1,47,61,70,30,1,2,1,1,2,2
3876,62,53,98,6,65,64,1,2,0,1,2,2
3877,88,62,41,50,31,68,1,1,0,1,2,2
3878,36,9,19,41,45,62,1,1,0,1,2,2
3879,57,92,95,86,70,3,1,1,0,1,2,2
3880,26,60,80,93,27,57,1,1,0,1,2,2
3881,67,15,75,84,21,55,1,1,0,1,2,2
3882,86,91,40,91,85,15,1,1,0,1,2,2
3883,20,1,18,58,98,50,1,1,0,1,1,2
3884,83,16,57,95,41,37,1,1,0,1,1,2
3885,43,84,19,1,80,22,1,1,0,1,1,2
3886,61,74,80,91,4,0,1,1,0,1,1,2
3887,73,79,49,53,54,57,1,1,0,1,1,2
3888,62,20,40,96,13,71,1,1,0,1,1,2
3889,59,5,86,89,15,29,1,1,0,1,1,2
3890,5,70,35,13,69,64,1,1,0,1,1,2
3891,98,84,36,66,31,72,1,1,0,1,1,2
3892,40,22,91,31,66,74,1,1,0,1,1,2
3893,53,8,43,95,51,47,1,2,0,1,1,2
3894,9,59,12,10,40,53,1,2,0,1,1,2
3895,61,98,19,3,1,68,1,2,0,1,1,2
3896,49,86,31,43,97,97,1,2,0,1,1,2
3897,90,87,43,95,34,21,1,2,0,1,1,2
3898,43,36,63,42,66,50,1,2,0,1,1,2
3899,78,39,68,15,27,51,1,2,0,1,1,2
3900,42,29,66,39,8,15,1,2,0,1,1,2
3901,85,22,1,69,83,47,1,2,0,1,1,2
3902,66,62,7,62,13,53,1,2,0,1,1,2
3903,24,69,10,52,52,47,1,2,0,1,1,2
3904,80,75,64,32,47,22,1,2,0,1,1,2
3905,6,76,46,11,4,54,1,2,0,1,1,2
3906,64,90,10,43,16,87,1,2,0,1,1,2
3907,41,79,12,86,68,69,1,2,0,1,1,2
3908,84,75,80,7,24,68,1,2,0,1,1,1
3909,75,5,34,31,2,22,1,2,0,1,1,1
3910,76,32,98,84,14,84,1,2,0,1,1,1
3911,65,57,1,17,87,12,0,2,0,1,1,1
3912,67,50,52,40,25,25,0,2,0,1,1,1
3913,10,83,55,7,64,70,0,2,0,1,1,1
3914,28,19,28,88,55,49,0,2,0,1,1,1
3915,90,10,78,36,71,85,0,2,0,1,1,1
3916,7,26,21,16,31,11,0,2,0,1,1,1
3917,12,99,28,63,64,84,0,2,0,1,1,1
3918,28,54,27,79,12,4,0,2,0,1,1,1
3919,34,44,43,64,55,13,0,2,0,1,1,1
3920,89,42,36,23,5,67,0,2,0,1,1,1
3921,55,47,29,10,49,43,0,2,0,1,1,1
3922,38,62,52,28,74,70,0,2,0,1,1,1
3923,30,54,70,72,42,21,0,2,0,1,1,1
3924,62,86,40,59,69,93,0,2,0,1,1,1
3925,36,96,98,72,62,65,0,2,0,1,1,1
3926,33,73,97,46,29,10,0,2,0,1,1,1
3927,90,25,77,50,13,23,0,2,0,1,1,1
3928,4,59,44,57,89,32,0,2,0,1,1,1
3929,33,78,86,15,96,92,0,2,0,1,1,1
3930,68,74,46,4,20,81,0,2,0,1,1,1
3931,96,40,72,82,63,95,0,2,0,1,1,1
3932,66,77,95,3,2,97,0,2,0,1,1,1
3933,55,14,3,94,53,13,0,2,0,1,1,1
3934,65,32,67,97,61,72,0,2,0,1,1,1
3935,88,28,43,94,50,98,0,2,0,1,1,1
3936,20,50,98,31,1,42,0,2,0,1,1,1
3937,29,32,30,93,78,35,0,2,0,1,1,1
3938,68,81,93,83,46,7,0,2,2,1,1,1
3939,40,26,28,6,28,10,0,2,2,1,1,1
3940,36,70,35,42,84,23,0,2,2,1,1,1
3941,57,41,3,8,14,39,0,2,2,1,1,1
3942,23,10,18,1,49,10,0,2,2,1,1,1
3943,25,79,31,88,40,46,0,2,2,1,1,1
3944,84,12,94,99,99,0,0,2,2,1,1,1
3945,4,4,33,95,54,93,0,2,2,0,1,1
3946,41,16,78,86,67,66,0,2,2,0,1,1
3947,80,21,48,85,64,97,0,2,2,0,1,1
3948,87,63,62,15,80,0,0,2,2,0,1,1
3949,64,31,58,32,90,15,0,2,2,0,1,1
3950,48,47,7,41,56,91,0,2,2,0,1,1
3951,46,19,2,14,23,39,0,2,2,0,1,1
3952,58,96,58,70,15,84,0,2,2,0,0,1
3953,51,25,89,92,62,1,0,2,2,0,0,1
3954,9,17,53,90,16,70,0,2,2,0,0,1
3955,43,38,47,3,79,95,0,2,2,0,0,1
3956,74,45,71,29,99,72,0,2,2,0,0,1
3957,92,17,90,85,70,38,0,2,2,0,0,1
3958,10,89,6,25,67,61,0,2,2,0,0,1
3959,59,78,74,98,40,76,0,2,2,0,0,1
3960,19,83,15,49,69,33,0,2,2,0,0,1
3961,13,20,6,87,16,30,0,2,0,0,0,1
3962,96,27,92,69,56,60,0,2,0,0,0,1
3963,77,57,18,87,0,59,0,1,0,0,0,1
3964,24,40,96,32,58,1,0,1,0,0,0,1
3965,79,67,73,73,27,85,0,1,0,0,0,1
3966,63,49,89,82,26,41,0,1,0,0,0,1
3967,8,26,61,36,33,3,2,1,0,0,0,1
3968,11,84,18,60,95,20,2,1,0,0,0,1
3969,59,4,82,0,40,13,2,1,0,0,0,1
3970,21,55,54,12,22,22,2,1,0,0,0,1
3971,6,38,11,68,35,65,2,1,0,0,0,1
3972,99,70,94,40,96,59,2,1,0,0,0,1
3973,26,40,2,68,55,51,2,1,0,0,0,1
3974,0,46,46,85,94,3,2,1,0,0,0,1
3975,84,41,23,64,83,92,2,1,0,0,0,1
3976,74,3,91,92,55,90,2,1,0,0,0,1
3977,59,18,63,78,78,13,2,1,0,0,0,1
3978,96,1,30,10,63,86,2,1,0,0,0,2
3979,51,36,62,46,15,13,2,1,0,0,0,2
3980,96,64,24,14,59,20,2,1,1,0,1,2
3981,23,53,44,52,44,68,2,1,1,0,1,2
3982,62,13,45,22,23,33,2,1,1,0,1,2
3983,16,61,9,74,81,43,2,1,1,0,1,2
3984,66,91,96,81,54,60,2,1,1,0,1,2
3985,52,98,42,98,70,88,2,1,1,0,1,2
3986,90,21,91,0,81,54,2,1,1,0,1,2
3987,5,0,21,75,70,21,2,1,1,0,1,2
3988,48,11,86,77,85,80,2,1,1,0,1,2
3989,4,58,68,39,93,39,2,1,1,0,1,2
3990,73,15,1,75,75,98,2,1,1,0,1,2
3991,28,14,57,52,22,44,2,1,1,0,1,2
3992,92,26,25,22,4,11,2,1,1,0,1,2
3993,19,62,94,20,19,26,2,1,1,0,1,2
3994,66,91,48,81,28,48,2,1,1,0,1,2
3995,99,55,7,94,17,99,2,1,1,0,1,2
3996,76,32,2,51,18,37,2,1,1,0,1,2
3997,34,50,42,90,13,83,2,1,1,0,1,2
3998,35,9,55,53,67,23,2,1,1,0,1,2
3999,59,72,15,68,60,31,2,1,1,0,1,2
4000,33,54,39,16,50,63,2,1,1,0,1,2
4001,60,23,63,45,91,88,2,1,1,0,1,2
4002,18,56,87,73,56,50,2,1,1,0,1,2
4003,2,19,8,86,86,54,2,1,1,0,1,2
4004,0,84,47,52,61,12,2,1,1,0,1,2
4005,49,74,64,44,88,84,2,1,1,0,1,2
4006,20,22,20,75,30,19,2,1,1,0,1,2
4007,86,53,83,28,94,28,2,1,1,0,2,2
4008,30,7,39,22,46,90,2,1,1,0,2,2
4009,45,87,32,32,44,56,2,1,1,0,2,2
4010,67,77,5,59,58,22,2,1,1,1,2,2
4011,55,78,51,64,76,71,2,1,0,1,2,2
4012,87,26,46,48,63,49,2,1,0,1,2,2
4013,13,53,64,3,49,99,2,1,0,1,2,2
4014,23,89,58,71,45,63,0,1,0,1,2,2
4015,93,10,52,29,69,90,0,1,0,1,2,2
4016,3,47,91,69,14,11,0,1,0,1,2,2
4017,86,41,90,17,64,6,0,1,0,1,2,2
4018,77,22,46,10,22,76,0,1,0,1,2,2
4019,47,49,34,88,0,49,0,1,0,1,2,2
4020,10,4,73,39,77,6,0,1,0,1,2,2
4021,52,67,34,86,65,69,0,1,0,1,2,2
4022,82,87,10,3,51,9,0,1,0,1,2,2
4023,0,14,83,64,17,59,0,1,0,1,2,2
4024,96,87,80,24,98,3,0,2,0,1,2,2
4025,45,40,9,41,30,20,0,2,0,1,2,2
4026,74,7,5,18,39,41,0,2,0,1,2,2
4027,86,98,55,0,94,37,0,2,0,1,2,2
4028,2,54,11,96,21,34,0,2,0,1,2,2
4029,6,57,77,74,36,66,0,2,0,1,2,2
4030,11,38,34,95,56,84,0,2,0,1,2,2
4031,70,8,81,75,46,7,0,2,0,1,2,2
4032,51,5,98,98,75,46,0,2,0,1,2,2
4033,21,13,96,78,55,96,0,2,0,1,2,2
4034,6,29,78,25,9,46,0,2,0,1,2,2
4035,4,37,62,74,28,41,0,2,0,2,2,0
4036,90,56,64,89,87,64,0,2,0,2,2,0
4037,10,34,92,70,98,60,0,2,0,2,2,0
4038,17,31,47,85,89,48,0,2,0,2,2,0
4039,75,39,53,98,35,55,0,2,0,2,2,0
4040,69,33,32,28,6,64,0,2,0,2,2,0
4041,56,26,7,79,60,92,0,2,0,2,2,0
4042,2,15,54,10,74,53,0,2,0,2,2,0
4043,22,99,39,58,79,88,0,2,0,2,2,0
4044,46,93,64,73,20,11,0,2,0,2,2,0
4045,60,16,9,31,12,10,0,1,0,2,2,0
4046,6,22,66,26,69,31,0,1,0,2,2,0
4047,53,12,78,15,25,59,0,1,0,2,2,0
4048,80,61,92,82,87,25,0,1,0,2,2,0
4049,60,26,52,21,23,64,0,1,0,2,2,0
4050,9,17,53,30,55,96,0,1,0,2,2,0
4051,10,99,35,26,41,78,0,1,0,2,2,0
4052,34,40,11,68,98,55,0,1,0,2,2,0
4053,82,73,26,2,11,79,0,1,2,2,2,0
4054,50,91,35,35,61,27,0,1,2,2,2,0
4055,23,10,26,29,20,44,0,1,2,2,0,0
4056,68,17,76,84,62,43,0,1,2,2,0,0
4057,47,55,29,22,9,90,0,1,2,2,0,0
4058,75,96,10,34,93,89,0,1,2,2,0,0
4059,83,73,71,36,43,95,0,1,2,2,0,0
4060,99,72,20,1,1,14,0,1,2,2,0,2
4061,63,4,71,94,47,29,0,1,2,2,0,2
4062,35,54,79,44,99,77,0,1,2,2,0,2
4063,5,57,27,80,22,79,0,1,2,2,0,2
4064,87,3,71,6,52,31,0,1,2,2,0,2
4065,52,80,35,43,50,22,0,1,2,2,0,2
4066,39,46,85,37,55,98,0,1,2,2,0,2
4067,65,38,49,49,62,37,0,1,2,2,0,2
4068,92,54,62,4,40,9,0,1,2,2,0,2
4069,94,92,38,17,96,3,1,1,2,2,0,2
4070,90,19,91,91,31,56,1,2,2,2,0,2
4071,8,41,18,31,81,93,1,2,0,2,0,2
4072,87,91,55,13,32,9,1,2,0,2,0,2
4073,34,23,10,61,78,12,1,2,0,2,0,2
4074,43,54,90,52,47,44,1,2,0,2,0,2
4075,90,74,13,93,22,66,1,2,0,2,0,2
4076,16,83,34,82,60,57,1,2,0,2,0,2
4077,78,51,37,96,49,66,1,2,0,2,0,2
4078,93,25,8,41,83,76,1,2,0,2,0,2
4079,5,30,37,23,37,3,1,2,0,2,0,2
4080,12,7,24,75,52,24,1,2,0,2,0,2
4081,62,52,40,33,51,40,1,2,0,2,0,2
4082,98,56,65,3,88,53,1,2,0,2,0,2
4083,99,22,85,75,1,43,1,2,0,2,0,2
4084,39,3,48,5,7,21,1,2,0,2,0,2
4085,64,41,79,93,96,58,0,2,0,2,0,2
4086,26,57,65,84,52,29,0,2,0,1,0,2
4087,73,45,22,71,14,21,0,2,0,1,0,2
4088,39,28,88,80,47,71,0,2,0,1,0,2
4089,82,51,94,88,54,75,0,2,0,1,0,2
4090,78,93,10,60,13,35,0,2,0,1,0,2
4091,5,51,87,78,17,14,0,2,0,1,0,2
4092,41,1,89,39,27,68,0,2,0,1,0,2
4093,95,63,42,53,79,38,0,2,0,1,0,2
4094,33,17,36,31,65,29,0,2,0,1,0,2
4095,1,86,65,19,38,91,0,2,0,1,0,2
4096,23,75,25,76,11,62,0,2,0,1,0,2
4097,36,81,17,20,41,91,0,2,0,1,0,2
4098,91,56,78,96,54,0,0,2,0,1,0,2
4099,27,38,18,55,71,61,0,2,0,1,0,2
4100,6,73,30,28,0,72,0,2,0,1,0,2
4101,64,85,29,35,29,73,0,2,0,1,0,2
4102,13,71,90,68,62,97,0,2,0,1,0,2
4103,39,10,50,88,22,40,0,2,0,1,0,2
4104,53,15,48,26,5,99,0,2,0,1,0,2
4105,99,29,3,0,3,83,0,2,0,1,0,2
4106,6,44,94,31,22,99,0,2,0,1,0,2
4107,87,50,24,78,35,89,0,2,0,1,0,2
4108,17,21,39,57,38,64,0,2,0,1,2,2
4109,55,52,87,60,35,29,0,2,0,1,2,2
4110,29,7,26,75,8,95,0,2,0,1,2,2
4111,19,23,24,3,19,98,0,2,0,1,2,2
4112,39,96,69,83,12,29,0,2,0,1,2,2
4113,81,39,50,63,93,22,0,0,0,1,2,2
4114,84,10,41,56,10,9,0,0,0,1,2,2
4115,32,55,76,58,20,59,0,0,0,1,2,2
4116,43,5,63,26,39,15,0,0,0,1,2,2
4117,16,40,2,42,53,24,0,0,0,1,2,2
4118,90,78,41,14,33,71,0,0,0,1,2,2
4119,35,27,32,92,3,56,0,0,0,1,2,2
4120,0,94,3,57,87,20,0,0,0,1,2,2
4121,5,25,72,45,20,94,2,0,0,1,2,2
4122,11,27,45,46,33,65,2,0,0,1,2,2
4123,92,69,51,82,89,15,2,0,0,1,2,2
4124,44,96,50,90,97,62,2,0,0,1,2,0
4125,37,16,19,36,9,20,2,0,0,1,2,0
4126,98,8,90,90,81,86,2,0,0,1,2,0
4127,38,44,80,14,87,54,2,0,0,1,2,0
4128,71,48,4,70,55,2,2,0,0,1,2,0
4129,44,93,58,52,98,77,2,0,0,1,2,0
4130,9,63,3,25,77,4,2,0,0,1,2,0
4131,2,37,58,72,95,71,2,0,1,1,2,0
4132,73,43,69,10,66,33,2,0,1,1,2,0
4133,38,3,98,60,3,94,2,0,1,1,2,0
4134,41,6,86,65,9,41,2,0,1,1,2,0
4135,97,87,40,59,13,60,2,0,1,0,2,0
4136,39,11,25,9,31,21,2,0,1,0,2,0
4137,90,65,70,37,92,90,0,0,1,0,2,0
4138,94,9,37,22,23,4,0,0,1,0,2,0
4139,50,34,21,64,54,42,0,0,1,0,2,0
4140,25,22,82,3,91,7,0,0,1,0,2,0
4141,58,69,5,90,32,70,0,0,1,0,2,0
4142,96,23,48,69,94,79,0,0,1,0,2,0
4143,66,35,45,94,5,77,0,0,1,0,2,0
4144,49,11,10,32,58,98,0,0,1,0,2,0
4145,9,27,0,93,91,56,0,0,1,0,2,0
4146,26,61,50,1,63,4,0,0,1,0,2,0
4147,11,33,96,69,71,26,0,0,1,0,2,0
4148,81,69,51,88,38,19,0,0,1,0,2,0
4149,22,58,82,53,33,49,0,0,1,0,2,0
4150,9,61,67,60,84,72,0,0,1,0,2,0
4151,56,76,93,7,72,38,0,0,1,0,2,0
4152,72,2,14,31,71,72,0,0,1,0,2,0
4153,66,91,86,29,16,99,0,0,1,0,2,0
4154,98,10,99,95,26,75,0,0,1,0,2,0
4155,5,18,17,41,28,49,0,0,1,0,2,0
4156,2,4,94,27,44,78,0,0,1,0,2,0
4157,5,44,93,1,1,84,0,0,1,0,2,0
4158,59,82,13,32,72,8,0,0,1,0,2,0
4159,21,34,48,73,83,99,0,0,1,0,2,0
4160,51,11,97,49,86,98,0,0,1,0,2,0
4161,59,87,56,70,96,68,0,0,1,0,2,0
4162,70,31,97,66,77,21,0,0,1,0,2,0
4163,99,71,10,75,85,43,0,0,1,0,2,0
4164,97,59,47,73,73,64,0,0,1,0,2,0
4165,89,91,44,21,91,29,0,0,1,0,2,0
4166,23,33,0,44,4,27,0,0,1,0,2,0
4167,59,98,32,79,49,95,0,0,1,0,2,0
4168,90,4,0,97,74,97,0,0,1,0,2,0
4169,52,8,75,18,83,96,0,0,1,0,2,0
4170,24,34,52,74,56,74,0,2,1,0,2,0
4171,61,58,96,85,38,75,0,2,1,0,2,0
4172,25,91,23,18,88,4,0,2,1,0,2,0
4173,84,43,85,83,93,5,0,2,1,0,2,0
4174,78,76,99,89,32,98,0,2,1,2,2,0
4175,68,67,91,34,42,71,0,2,1,2,1,0
4176,65,6,45,40,3,49,0,2,1,2,1,0
4177,85,71,0,58,38,93,0,2,1,2,1,0
4178,52,20,21,49,21,19,0,2,1,2,1,0
4179,61,51,66,5,63,43,0,2,1,2,1,0
4180,23,9,45,0,33,57,0,2,1,2,1,0
4181,27,67,27,94,30,48,0,2,1,2,1,0
4182,51,33,20,49,11,35,0,2,1,2,1,0
4183,27,32,7,15,28,59,0,2,1,2,1,0
4184,95,73,29,17,31,92,0,2,1,2,1,0
4185,43,33,99,16,5,90,0,2,1,2,1,0
4186,83,60,44,20,72,85,0,2,1,2,1,0
4187,46,12,65,54,9,5,0,2,1,2,1,0
4188,85,0,47,22,76,66,0,2,1,2,1,0
4189,64,20,73,46,44,12,1,2,1,2,1,0
4190,5,24,35,28,20,36,1,2,1,2,1,0
4191,96,9,61,76,54,43,1,2,1,2,1,0
4192,90,73,68,32,94,64,1,2,1,2,1,0
4193,26,31,26,58,75,22,1,2,1,2,1,0
4194,90,80,3,42,43,47,1,2,1,2,1,0
4195,86,6,46,0,21,48,1,2,1,2,1,0
4196,45,38,43,70,16,1,1,2,1,2,1,0
4197,72,21,16,87,2,5,1,2,1,2,1,0
4198,29,43,76,59,25,67,1,2,1,2,1,0
4199,80,33,47,49,86,20,1,1,2,2,1,1
4200,48,36,74,6,4,68,1,1,2,2,1,1
4201,46,72,36,58,69,22,1,1,2,2,1,1
4202,26,20,60,30,5,49,1,1,2,2,1,1
4203,27,23,13,93,68,35,1,1,2,2,1,1
4204,43,86,31,34,10,15,1,1,2,2,1,1
4205,53,42,41,62,4,29,1,1,2,2,1,1
4206,70,34,35,57,53,97,1,1,2,2,1,1
4207,16,30,89,68,34,1,1,1,2,2,1,1
4208,78,21,32,12,46,99,1,1,2,2,1,1
4209,97,40,5,16,41,58,1,1,2,2,1,1
4210,6,98,85,69,29,40,1,1,2,2,1,1
4211,98,92,78,5,69,82,1,1,2,2,1,1
4212,82,52,64,64,37,0,1,1,2,2,1,1
4213,88,41,79,91,18,65,1,1,2,2,1,1
4214,92,21,6,83,41,4,1,1,2,2,1,1
4215,48,48,5,16,26,73,1,1,2,2,0,1
4216,34,31,49,43,27,94,1,1,2,2,0,1
4217,58,67,81,10,24,45,1,1,2,2,0,1
4218,71,78,7,27,78,55,1,1,2,2,0,1
4219,72,62,47,21,49,24,1,1,2,2,0,1
4220,35,56,53,26,56,9,1,1,2,2,0,1
4221,70,40,74,35,15,56,1,1,2,2,0,1
4222,68,35,14,77,38,59,1,1,2,2,0,1
4223,56,75,17,52,98,31,1,1,2,2,0,1
4224,93,8,27,59,49,97,1,1,2,2,0,1
4225,9,72,67,33,66,53,1,1,2,2,0,1
4226,33,55,33,80,60,85,1,1,2,2,0,1
4227,94,36,93,25,30,81,1,1,2,2,0,1
4228,19,72,10,37,90,56,1,1,2,2,0,1
4229,97,68,61,17,18,83,1,1,2,2,0,1
4230,22,18,82,13,22,38,1,1,2,2,0,1
4231,15,97,89,71,79,47,1,1,2,2,0,1
4232,71,48,48,4,36,91,1,1,2,2,0,1
4233,63,43,53,98,0,27,1,1,2,2,0,1
4234,25,59,29,75,57,39,1,1,2,2,0,1
4235,77,37,23,35,89,37,1,1,2,2,0,1
4236,50,12,92,18,19,67,1,1,2,2,0,1
4237,48,3,68,64,44,71,1,1,2,2,0,1
4238,64,10,89,67,49,4,1,1,2,2,0,1
4239,36,62,90,58,11,26,1,1,2,2,0,1
4240,29,61,55,57,55,53,1,1,1,2,0,1
4241,77,95,93,16,1,97,1,1,1,2,0,1
4242,10,3,53,22,42,98,1,1,1,2,0,1
4243,63,62,31,31,71,79,1,1,1,2,0,1
4244,17,66,18,74,99,99,1,1,1,2,0,1
4245,65,89,16,44,84,18,1,1,1,2,0,1
4246,95,96,35,50,71,47,1,1,1,2,0,1
4247,77,83,2,99,98,21,1,1,1,1,0,1
4248,99,61,71,56,10,76,1,1,1,1,0,1
4249,53,69,95,93,34,65,0,1,1,1,0,1
4250,16,68,51,14,90,39,0,1,1,1,0,1
4251,47,39,29,17,47,38,0,1,1,1,0,1
4252,79,95,78,93,73,44,0,1,1,1,0,1
4253,26,92,10,43,44,78,0,1,1,1,0,1
4254,1,55,90,0,2,81,0,1,1,1,0,1
4255,84,57,12,38,29,42,0,2,1,1,1,1
4256,29,8,21,32,14,93,0,2,1,1,1,1
4257,49,32,1,43,99,0,0,2,1,1,1,1
4258,14,18,82,17,4,47,0,2,1,1,1,1
4259,81,36,60,34,24,97,0,2,1,1,1,1
4260,44,46,98,36,28,10,0,2,1,1,1,1
4261,74,13,65,49,71,46,0,2,1,1,1,0
4262,30,45,67,14,54,77,0,2,1,1,1,0
4263,54,71,77,81,13,53,0,2,1,1,1,0
4264,10,19,68,62,56,60,0,2,1,1,1,0
4265,23,31,99,86,45,66,0,2,1,1,1,0
4266,5,23,55,20,94,3,0,2,1,1,1,0
4267,77,11,72,81,3,53,0,2,1,1,1,0
4268,85,40,14,1,88,1,0,2,1,1,1,0
4269,41,15,50,98,58,87,0,2,1,1,1,0
4270,52,10,20,4,49,76,0,2,1,1,1,0
4271,86,25,83,99,71,55,0,2,1,1,1,0
4272,89,5,20,0,4,50,0,2,1,1,1,0
4273,9,82,1,56,81,32,0,2,1,1,1,0
4274,32,35,91,40,99,89,0,2,1,1,1,0
4275,3,23,65,35,97,60,0,2,1,1,1,0
4276,92,74,44,68,0,50,0,2,1,1,1,0
4277,88,83,27,69,28,37,0,2,1,1,1,0
4278,79,20,73,98,58,56,0,0,1,1,1,0
4279,77,8,80,38,72,7,0,0,1,1,1,0
4280,59,13,96,34,48,68,0,0,1,1,1,0
4281,91,54,66,71,45,65,0,0,1,2,1,0
4282,17,23,65,31,91,54,0,0,1,2,1,0
4283,56,36,61,28,21,2,0,0,1,2,1,0
4284,14,84,43,79,48,41,0,0,1,2,1,0
4285,48,26,60,90,63,82,0,0,1,2,1,0
4286,96,37,99,59,45,64,0,0,1,2,1,0
4287,9,45,38,68,62,11,0,0,1,2,1,0
4288,1,13,55,82,4,72,0,0,1,2,1,0
4289,54,42,68,95,89,43,0,0,1,2,1,0
4290,52,46,48,98,92,95,0,0,2,2,1,0
4291,30,84,70,2,63,28,0,0,2,2,1,0
4292,98,29,53,85,91,5,0,0,2,2,1,0
4293,87,11,58,75,24,79,0,0,2,2,1,0
4294,32,46,73,48,47,96,0,0,2,2,1,0
4295,26,44,97,95,20,65,0,0,2,2,2,0
4296,6,4,87,98,98,12,0,0,2,2,2,0
4297,38,51,21,66,32,83,0,0,2,2,2,0
4298,99,74,71,14,91,20,0,0,2,2,2,0
4299,85,0,31,85,6,21,0,0,2,2,2,0
4300,54,15,74,81,42,65,0,0,2,2,2,0
4301,48,43,14,71,35,2,0,0,2,2,2,0
4302,43,63,35,73,67,50,0,0,2,2,2,0
4303,62,96,29,17,84,37,0,0,2,2,2,0
4304,12,71,5,59,29,53,0,0,2,0,2,0
4305,25,80,46,89,15,46,2,0,2,0,2,0
4306,30,25,27,21,82,12,2,0,2,0,2,0
4307,64,53,50,28,17,9,2,0,2,0,2,0
4308,48,37,48,72,5,19,2,0,2,0,2,0
4309,43,68,10,45,62,22,2,0,2,0,2,0
4310,2,86,70,72,7,77,2,0,2,0,2,0
4311,43,96,18,42,62,18,2,0,2,0,2,0
4312,68,71,88,99,85,68,2,0,2,0,2,0
4313,83,5,37,44,42,87,2,0,2,0,2,0
4314,55,22,0,77,15,73,2,0,2,0,2,0
4315,60,57,98,52,97,21,2,0,2,0,2,0
4316,12,33,58,92,79,8,2,0,2,0,2,0
4317,66,31,77,1,27,5,2,0,2,0,2,0
4318,35,25,16,13,66,39,2,0,2,0,2,0
4319,10,14,58,30,3,7,2,0,2,0,2,0
4320,66,27,87,76,91,96,2,0,2,2,2,0
4321,49,45,63,4,4,59,2,0,2,2,2,0
4322,11,21,84,48,8,1,2,0,2,2,2,0
4323,13,69,90,49,0,59,2,0,2,2,2,0
4324,6,27,40,71,43,15,2,0,2,2,2,0
4325,60,67,13,26,70,52,2,0,2,2,2,0
4326,95,18,96,36,4,69,2,0,2,2,2,0
4327,11,15,77,65,33,95,2,0,2,2,2,0
4328,9,34,0,82,29,38,2,0,2,2,2,0
4329,92,38,56,48,58,75,2,0,2,2,2,0
4330,13,90,83,15,10,98,2,0,2,2,2,0
4331,87,62,16,83,13,7,2,0,2,2,2,2
4332,73,15,41,5,35,84,2,0,2,2,2,2
4333,95,88,57,36,30,12,2,0,2,2,2,2
4334,52,84,47,32,44,15,2,0,2,2,2,2
4335,13,3,31,37,7,3,2,2,2,2,2,2
4336,2,84,36,3,3,49,2,2,2,2,2,2
4337,93,21,73,52,96,44,2,2,2,2,2,2
4338,46,40,86,60,2,43,2,2,2,2,2,2
4339,8,79,76,63,89,19,2,2,2,2,2,2
4340,60,95,82,73,44,28,2,2,2,2,2,2
4341,91,2,31,41,64,3,2,2,2,2,2,2
4342,43,89,37,23,74,65,2,2,2,2,2,2
4343,13,30,42,53,6,30,2,2,2,2,2,2
4344,51,79,87,13,74,62,2,2,2,2,2,2
4345,62,66,90,23,71,46,2,2,2,2,2,2
4346,54,25,48,45,93,0,2,2,2,2,2,2
4347,11,19,59,97,68,21,2,2,2,2,2,2
4348,17,56,75,93,88,77,2,2,2,2,2,2
4349,18,0,93,97,10,83,2,2,2,2,2,2
4350,68,58,52,51,47,28,2,2,2,2,2,2
4351,79,50,54,8,74,55,2,2,2,2,2,2
4352,43,3,87,14,3,39,2,2,2,2,2,2
4353,20,62,43,91,24,95,2,2,2,2,2,2
4354,74,55,40,56,26,13,2,2,2,2,0,2
4355,38,97,20,55,34,16,2,2,2,2,0,2
4356,68,7,34,63,9,49,2,2,2,2,0,2
4357,97,61,32,57,60,15,2,2,2,2,0,2
4358,79,32,25,85,54,34,2,2,2,2,0,2
4359,39,71,62,32,37,86,2,2,2,2,0,2
4360,22,98,42,13,72,5,2,2,2,2,0,2
4361,58,79,91,21,22,91,2,2,1,2,0,2
4362,88,40,33,57,19,66,2,2,1,2,0,2
4363,26,58,15,75,6,88,2,2,1,2,0,2
4364,63,13,71,49,23,59,2,2,1,2,0,2
4365,7,66,22,1,8,62,2,2,1,2,0,2
4366,24,32,1,29,0,32,0,2,1,2,0,2
4367,87,38,60,27,20,21,0,2,1,2,0,2
4368,91,88,10,96,15,79,0,2,1,2,0,2
4369,96,3,75,23,2,98,0,2,1,2,0,2
4370,15,36,32,25,45,8,0,2,1,2,0,2
4371,25,17,33,88,7,82,0,2,1,2,0,2
4372,64,65,16,50,43,75,0,2,1,2,0,2
4373,97,25,43,35,27,39,0,2,1,2,0,2
4374,31,11,61,3,54,88,0,2,1,2,0,2
4375,83,60,23,40,86,57,0,2,1,2,0,2
4376,75,69,84,48,6,3,0,2,1,2,0,2
4377,16,89,10,2,74,21,0,2,1,2,0,2
4378,20,47,31,0,96,46,0,2,1,2,0,2
4379,67,36,92,54,95,70,0,2,1,2,0,2
4380,52,70,95,83,73,16,0,2,1,2,0,2
4381,44,28,11,94,30,10,0,2,1,2,0,2
4382,18,8,8,56,51,29,0,2,1,2,0,0
4383,53,31,11,50,94,53,0,2,1,2,0,0
4384,56,2,43,27,73,14,0,2,1,2,0,0
4385,49,75,76,74,15,92,0,2,1,2,0,0
4386,98,59,89,52,54,30,0,2,2,1,0,0
4387,41,38,41,60,51,24,0,2,2,1,1,0
4388,26,93,93,47,81,79,0,2,2,1,1,0
4389,2,14,92,5,63,5,0,2,2,1,1,0
4390,17,87,46,27,28,49,0,2,2,1,1,0
4391,7,41,25,46,50,22,0,2,2,1,1,0
4392,93,86,22,32,38,24,0,2,2,1,1,0
4393,39,22,24,57,35,86,0,2,2,1,1,0
4394,11,0,54,44,21,94,0,2,2,1,1,0
4395,44,51,82,94,0,32,0,2,2,1,1,0
4396,37,70,45,68,10,76,0,2,2,1,1,0
4397,26,54,1,35,58,19,0,2,2,1,1,0
4398,61,73,89,72,26,23,0,2,2,1,1,0
4399,39,25,2,95,31,66,0,2,2,1,1,0
4400,91,58,63,48,38,96,0,2,2,1,1,0
4401,84,50,14,14,28,45,0,2,2,1,1,0
4402,9,45,57,81,82,7,0,2,2,1,1,0
4403,73,27,55,22,28,44,0,2,2,1,1,0
4404,86,5,41,11,41,3,0,2,2,1,1,0
4405,25,80,50,8,88,66,0,2,1,1,1,0
4406,41,93,25,39,93,67,0,2,1,1,1,0
4407,11,91,13,65,57,3,0,1,1,1,1,0
4408,14,97,16,43,9,81,0,1,1,1,1,0
4409,20,88,62,12,66,37,0,1,1,1,1,0
4410,32,22,21,83,62,6,0,1,1,1,1,0
4411,24,66,78,6,55,27,0,1,1,1,1,0
4412,98,99,21,89,19,75,0,1,1,1,1,0
4413,37,89,56,62,74,82,0,1,1,1,1,0
4414,75,40,26,69,80,35,0,1,1,1,1,0
4415,84,6,3,96,71,92,0,1,1,1,1,0
4416,61,28,11,97,11,3,0,1,1,1,1,0
4417,0,58,36,53,70,6,0,1,1,1,1,0
4418,84,84,0,69,47,74,0,1,1,1,1,0
4419,36,87,87,40,76,75,0,1,1,1,1,0
4420,53,68,41,68,58,13,0,1,1,1,1,0
4421,65,45,96,6,35,30,0,1,1,1,1,0
4422,91,24,97,21,95,32,0,1,1,1,1,0
4423,18,31,77,2,37,2,0,1,1,1,1,0
4424,13,42,1,41,78,99,0,1,1,2,1,0
4425,94,50,61,84,97,15,0,1,1,2,1,0
4426,33,16,96,28,24,21,0,1,1,2,1,0
4427,92,32,89,1,77,35,0,1,1,2,1,0
4428,45,83,0,58,45,83,0,1,1,2,1,0
4429,32,9,21,78,77,19,0,1,1,2,1,0
4430,89,3,51,47,31,20,1,1,1,2,1,0
4431,18,55,1,9,51,17,1,1,1,2,1,0
4432,21,18,2,91,84,62,1,1,1,2,1,0
4433,78,15,85,90,21,57,1,1,1,2,1,0
4434,15,36,93,68,32,30,1,1,1,2,1,0
4435,76,79,81,50,39,88,1,1,1,2,1,0
4436,2,65,34,16,71,9,1,1,1,2,1,0
4437,8,58,93,82,44,56,1,1,1,2,1,0
4438,31,56,57,37,74,0,1,1,1,2,1,0
4439,26,98,28,8,77,86,1,1,1,2,1,0
4440,40,80,59,46,27,34,1,1,1,2,1,1
4441,8,33,76,64,37,68,1,1,1,1,1,1
4442,71,80,49,85,31,78,1,1,1,1,1,1
4443,85,85,30,7,17,63,1,1,1,1,1,1
4444,45,72,78,33,0,74,1,1,1,1,1,1
4445,10,20,26,22,98,79,1,1,1,1,1,1
4446,62,67,87,45,8,46,1,1,1,1,1,1
4447,38,95,30,55,64,97,1,1,1,1,1,1
4448,41,99,55,9,34,22,1,1,1,1,1,1
4449,32,20,0,38,73,31,1,1,1,1,1,1
4450,22,92,11,61,48,86,1,1,1,1,1,1
4451,94,36,63,99,0,81,1,1,1,1,1,1
4452,12,96,24,15,23,49,1,1,1,1,1,1
4453,8,4,41,54,57,91,1,1,1,1,1,1
4454,27,27,18,74,92,71,1,1,1,1,1,1
4455,26,90,28,93,75,2,1,1,1,1,2,1
4456,40,60,75,67,70,12,1,1,1,1,2,1
4457,34,54,63,6,20,26,1,1,1,1,2,1
4458,61,72,20,26,12,27,1,2,1,1,2,1
4459,63,56,69,63,32,14,1,2,1,1,2,1
4460,45,24,35,73,7,99,1,2,1,1,2,1
4461,19,15,27,17,15,89,1,2,1,1,2,1
4462,45,56,41,93,63,72,1,2,1,1,2,1
4463,59,9,85,72,71,78,1,2,1,1,2,1
4464,68,43,13,33,80,90,1,2,1,1,2,1
4465,86,47,3,84,40,63,1,2,1,1,2,1
4466,81,45,41,13,18,61,1,2,1,1,2,1
4467,49,4,83,98,30,57,1,2,0,1,2,1
4468,25,66,93,0,81,42,1,2,0,1,2,1
4469,87,34,13,63,52,8,1,2,0,1,2,1
4470,22,16,46,72,35,71,1,2,0,1,2,1
4471,25,50,93,24,50,74,1,2,0,1,2,1
4472,92,1,21,85,18,35,1,2,0,1,2,1
4473,90,0,11,92,29,8,1,2,0,1,2,1
4474,26,78,56,54,84,89,1,2,0,1,2,1
4475,41,16,80,29,92,88,1,2,0,1,2,1
4476,99,40,11,9,90,5,1,2,0,1,2,1
4477,49,83,88,62,25,18,1,2,0,1,2,1
4478,97,72,19,99,44,99,1,2,0,1,2,1
4479,14,87,44,17,74,44,1,2,0,1,2,1
4480,59,37,89,89,3,89,1,2,0,1,2,1
4481,0,50,79,69,4,24,1,2,0,1,2,1
4482,26,71,33,86,2,76,1,2,0,1,2,1
4483,28,3,4,34,55,45,1,2,0,1,2,1
4484,63,82,3,3,46,46,1,2,0,1,2,1
4485,19,20,73,72,12,5,1,2,0,1,2,1
4486,78,99,16,66,60,79,1,2,0,1,2,1
4487,22,27,93,3,92,87,1,2,0,1,2,1
4488,9,67,67,8,53,4,1,2,0,1,2,1
4489,49,51,24,54,62,75,1,2,0,1,2,1
4490,66,55,25,35,61,60,1,2,0,1,2,1
4491,88,29,26,5,11,18,1,2,0,1,2,1
4492,65,71,30,10,71,6,1,2,0,1,2,1
4493,1,66,87,46,70,14,1,2,0,1,2,1
4494,33,32,82,61,43,39,1,2,0,1,2,1
4495,4,41,79,19,1,29,1,2,0,1,2,1
4496,3,24,54,92,47,64,1,2,0,1,2,1
4497,85,44,55,87,99,73,1,2,0,1,2,1
4498,59,50,31,63,20,83,1,2,0,1,2,1
4499,90,2,37,60,94,92,1,2,0,1,2,1
